t = 0
b = 30.0 30.0 30.0
E = 0.0 0.0 0.0
2.0000 -1.1000 -1.1000 0.0000 1.0000 0.0000 1.0000 0.0000 0.0000 0.0 0.0 0.0 0.0 0.0 0.0
2.3870 -1.1000 -1.1000 0.0000 0.8262 0.5633 1.0000 0.0000 0.0000 0.0 0.0 0.0 0.0 0.0 0.0
2.7740 -1.1000 -1.1000 0.0000 0.3653 0.9309 1.0000 0.0000 0.0000 0.0 0.0 0.0 0.0 0.0 0.0
3.1610 -1.1000 -1.1000 0.0000 -0.2225 0.9749 1.0000 0.0000 0.0000 0.0 0.0 0.0 0.0 0.0 0.0
3.5480 -1.1000 -1.1000 0.0000 -0.7331 0.6802 1.0000 0.0000 0.0000 0.0 0.0 0.0 0.0 0.0 0.0
3.9350 -1.1000 -1.1000 0.0000 -0.9888 0.1490 1.0000 0.0000 0.0000 0.0 0.0 0.0 0.0 0.0 0.0
4.3220 -1.1000 -1.1000 0.0000 -0.9010 -0.4339 1.0000 0.0000 0.0000 0.0 0.0 0.0 0.0 0.0 0.0
4.7090 -1.1000 -1.1000 0.0000 -0.5000 -0.8660 1.0000 0.0000 0.0000 0.0 0.0 0.0 0.0 0.0 0.0
5.0960 -1.1000 -1.1000 -0.0000 0.0747 -0.9972 1.0000 0.0000 0.0000 0.0 0.0 0.0 0.0 0.0 0.0
5.4830 -1.1000 -1.1000 -0.0000 0.6235 -0.7818 1.0000 0.0000 0.0000 0.0 0.0 0.0 0.0 0.0 0.0
5.8700 -1.1000 -1.1000 -0.0000 0.9556 -0.2948 1.0000 0.0000 0.0000 0.0 0.0 0.0 0.0 0.0 0.0
6.2570 -1.1000 -1.1000 0.0000 0.9556 0.2948 1.0000 0.0000 0.0000 0.0 0.0 0.0 0.0 0.0 0.0
6.6440 -1.1000 -1.1000 0.0000 0.6235 0.7818 1.0000 0.0000 0.0000 0.0 0.0 0.0 0.0 0.0 0.0
7.0310 -1.1000 -1.1000 0.0000 0.0747 0.9972 1.0000 0.0000 0.0000 0.0 0.0 0.0 0.0 0.0 0.0
7.4180 -1.1000 -1.1000 0.0000 -0.5000 0.8660 1.0000 0.0000 0.0000 0.0 0.0 0.0 0.0 0.0 0.0
7.8050 -1.1000 -1.1000 0.0000 -0.9010 0.4339 1.0000 0.0000 0.0000 0.0 0.0 0.0 0.0 0.0 0.0
8.1920 -1.1000 -1.1000 0.0000 -0.9888 -0.1490 1.0000 0.0000 0.0000 0.0 0.0 0.0 0.0 0.0 0.0
8.5790 -1.1000 -1.1000 0.0000 -0.7331 -0.6802 1.0000 0.0000 0.0000 0.0 0.0 0.0 0.0 0.0 0.0
8.9660 -1.1000 -1.1000 0.0000 -0.2225 -0.9749 1.0000 0.0000 0.0000 0.0 0.0 0.0 0.0 0.0 0.0
9.3530 -1.1000 -1.1000 -0.0000 0.3653 -0.9309 1.0000 0.0000 0.0000 0.0 0.0 0.0 0.0 0.0 0.0
9.7400 -1.1000 -1.1000 -0.0000 0.8262 -0.5633 1.0000 0.0000 0.0000 0.0 0.0 0.0 0.0 0.0 0.0
2.0000 1.1000 -1.1000 0.0000 1.0000 0.0000 1.0000 0.0000 0.0000 0.0 0.0 0.0 0.0 0.0 0.0
2.3870 1.1000 -1.1000 0.0000 0.8262 0.5633 1.0000 0.0000 0.0000 0.0 0.0 0.0 0.0 0.0 0.0
2.7740 1.1000 -1.1000 0.0000 0.3653 0.9309 1.0000 0.0000 0.0000 0.0 0.0 0.0 0.0 0.0 0.0
3.1610 1.1000 -1.1000 0.0000 -0.2225 0.9749 1.0000 0.0000 0.0000 0.0 0.0 0.0 0.0 0.0 0.0
3.5480 1.1000 -1.1000 0.0000 -0.7331 0.6802 1.0000 0.0000 0.0000 0.0 0.0 0.0 0.0 0.0 0.0
3.9350 1.1000 -1.1000 0.0000 -0.9888 0.1490 1.0000 0.0000 0.0000 0.0 0.0 0.0 0.0 0.0 0.0
4.3220 1.1000 -1.1000 0.0000 -0.9010 -0.4339 1.0000 0.0000 0.0000 0.0 0.0 0.0 0.0 0.0 0.0
4.7090 1.1000 -1.1000 0.0000 -0.5000 -0.8660 1.0000 0.0000 0.0000 0.0 0.0 0.0 0.0 0.0 0.0
5.0960 1.1000 -1.1000 -0.0000 0.0747 -0.9972 1.0000 0.0000 0.0000 0.0 0.0 0.0 0.0 0.0 0.0
5.4830 1.1000 -1.1000 -0.0000 0.6235 -0.7818 1.0000 0.0000 0.0000 0.0 0.0 0.0 0.0 0.0 0.0
5.8700 1.1000 -1.1000 -0.0000 0.9556 -0.2948 1.0000 0.0000 0.0000 0.0 0.0 0.0 0.0 0.0 0.0
6.2570 1.1000 -1.1000 0.0000 0.9556 0.2948 1.0000 0.0000 0.0000 0.0 0.0 0.0 0.0 0.0 0.0
6.6440 1.1000 -1.1000 0.0000 0.6235 0.7818 1.0000 0.0000 0.0000 0.0 0.0 0.0 0.0 0.0 0.0
7.0310 1.1000 -1.1000 0.0000 0.0747 0.9972 1.0000 0.0000 0.0000 0.0 0.0 0.0 0.0 0.0 0.0
7.4180 1.1000 -1.1000 0.0000 -0.5000 0.8660 1.0000 0.0000 0.0000 0.0 0.0 0.0 0.0 0.0 0.0
7.8050 1.1000 -1.1000 0.0000 -0.9010 0.4339 1.0000 0.0000 0.0000 0.0 0.0 0.0 0.0 0.0 0.0
8.1920 1.1000 -1.1000 0.0000 -0.9888 -0.1490 1.0000 0.0000 0.0000 0.0 0.0 0.0 0.0 0.0 0.0
8.5790 1.1000 -1.1000 0.0000 -0.7331 -0.6802 1.0000 0.0000 0.0000 0.0 0.0 0.0 0.0 0.0 0.0
8.9660 1.1000 -1.1000 0.0000 -0.2225 -0.9749 1.0000 0.0000 0.0000 0.0 0.0 0.0 0.0 0.0 0.0
9.3530 1.1000 -1.1000 -0.0000 0.3653 -0.9309 1.0000 0.0000 0.0000 0.0 0.0 0.0 0.0 0.0 0.0
9.7400 1.1000 -1.1000 -0.0000 0.8262 -0.5633 1.0000 0.0000 0.0000 0.0 0.0 0.0 0.0 0.0 0.0
2.0000 -1.1000 1.1000 0.0000 1.0000 0.0000 1.0000 0.0000 0.0000 0.0 0.0 0.0 0.0 0.0 0.0
2.3870 -1.1000 1.1000 0.0000 0.8262 0.5633 1.0000 0.0000 0.0000 0.0 0.0 0.0 0.0 0.0 0.0
2.7740 -1.1000 1.1000 0.0000 0.3653 0.9309 1.0000 0.0000 0.0000 0.0 0.0 0.0 0.0 0.0 0.0
3.1610 -1.1000 1.1000 0.0000 -0.2225 0.9749 1.0000 0.0000 0.0000 0.0 0.0 0.0 0.0 0.0 0.0
3.5480 -1.1000 1.1000 0.0000 -0.7331 0.6802 1.0000 0.0000 0.0000 0.0 0.0 0.0 0.0 0.0 0.0
3.9350 -1.1000 1.1000 0.0000 -0.9888 0.1490 1.0000 0.0000 0.0000 0.0 0.0 0.0 0.0 0.0 0.0
4.3220 -1.1000 1.1000 0.0000 -0.9010 -0.4339 1.0000 0.0000 0.0000 0.0 0.0 0.0 0.0 0.0 0.0
4.7090 -1.1000 1.1000 0.0000 -0.5000 -0.8660 1.0000 0.0000 0.0000 0.0 0.0 0.0 0.0 0.0 0.0
5.0960 -1.1000 1.1000 -0.0000 0.0747 -0.9972 1.0000 0.0000 0.0000 0.0 0.0 0.0 0.0 0.0 0.0
5.4830 -1.1000 1.1000 -0.0000 0.6235 -0.7818 1.0000 0.0000 0.0000 0.0 0.0 0.0 0.0 0.0 0.0
5.8700 -1.1000 1.1000 -0.0000 0.9556 -0.2948 1.0000 0.0000 0.0000 0.0 0.0 0.0 0.0 0.0 0.0
6.2570 -1.1000 1.1000 0.0000 0.9556 0.2948 1.0000 0.0000 0.0000 0.0 0.0 0.0 0.0 0.0 0.0
6.6440 -1.1000 1.1000 0.0000 0.6235 0.7818 1.0000 0.0000 0.0000 0.0 0.0 0.0 0.0 0.0 0.0
7.0310 -1.1000 1.1000 0.0000 0.0747 0.9972 1.0000 0.0000 0.0000 0.0 0.0 0.0 0.0 0.0 0.0
7.4180 -1.1000 1.1000 0.0000 -0.5000 0.8660 1.0000 0.0000 0.0000 0.0 0.0 0.0 0.0 0.0 0.0
7.8050 -1.1000 1.1000 0.0000 -0.9010 0.4339 1.0000 0.0000 0.0000 0.0 0.0 0.0 0.0 0.0 0.0
8.1920 -1.1000 1.1000 0.0000 -0.9888 -0.1490 1.0000 0.0000 0.0000 0.0 0.0 0.0 0.0 0.0 0.0
8.5790 -1.1000 1.1000 0.0000 -0.7331 -0.6802 1.0000 0.0000 0.0000 0.0 0.0 0.0 0.0 0.0 0.0
8.9660 -1.1000 1.1000 0.0000 -0.2225 -0.9749 1.0000 0.0000 0.0000 0.0 0.0 0.0 0.0 0.0 0.0
9.3530 -1.1000 1.1000 -0.0000 0.3653 -0.9309 1.0000 0.0000 0.0000 0.0 0.0 0.0 0.0 0.0 0.0
9.7400 -1.1000 1.1000 -0.0000 0.8262 -0.5633 1.0000 0.0000 0.0000 0.0 0.0 0.0 0.0 0.0 0.0
2.0000 1.1000 1.1000 0.0000 1.0000 0.0000 1.0000 0.0000 0.0000 0.0 0.0 0.0 0.0 0.0 0.0
2.3870 1.1000 1.1000 0.0000 0.8262 0.5633 1.0000 0.0000 0.0000 0.0 0.0 0.0 0.0 0.0 0.0
2.7740 1.1000 1.1000 0.0000 0.3653 0.9309 1.0000 0.0000 0.0000 0.0 0.0 0.0 0.0 0.0 0.0
3.1610 1.1000 1.1000 0.0000 -0.2225 0.9749 1.0000 0.0000 0.0000 0.0 0.0 0.0 0.0 0.0 0.0
3.5480 1.1000 1.1000 0.0000 -0.7331 0.6802 1.0000 0.0000 0.0000 0.0 0.0 0.0 0.0 0.0 0.0
3.9350 1.1000 1.1000 0.0000 -0.9888 0.1490 1.0000 0.0000 0.0000 0.0 0.0 0.0 0.0 0.0 0.0
4.3220 1.1000 1.1000 0.0000 -0.9010 -0.4339 1.0000 0.0000 0.0000 0.0 0.0 0.0 0.0 0.0 0.0
4.7090 1.1000 1.1000 0.0000 -0.5000 -0.8660 1.0000 0.0000 0.0000 0.0 0.0 0.0 0.0 0.0 0.0
5.0960 1.1000 1.1000 -0.0000 0.0747 -0.9972 1.0000 0.0000 0.0000 0.0 0.0 0.0 0.0 0.0 0.0
5.4830 1.1000 1.1000 -0.0000 0.6235 -0.7818 1.0000 0.0000 0.0000 0.0 0.0 0.0 0.0 0.0 0.0
5.8700 1.1000 1.1000 -0.0000 0.9556 -0.2948 1.0000 0.0000 0.0000 0.0 0.0 0.0 0.0 0.0 0.0
6.2570 1.1000 1.1000 0.0000 0.9556 0.2948 1.0000 0.0000 0.0000 0.0 0.0 0.0 0.0 0.0 0.0
6.6440 1.1000 1.1000 0.0000 0.6235 0.7818 1.0000 0.0000 0.0000 0.0 0.0 0.0 0.0 0.0 0.0
7.0310 1.1000 1.1000 0.0000 0.0747 0.9972 1.0000 0.0000 0.0000 0.0 0.0 0.0 0.0 0.0 0.0
7.4180 1.1000 1.1000 0.0000 -0.5000 0.8660 1.0000 0.0000 0.0000 0.0 0.0 0.0 0.0 0.0 0.0
7.8050 1.1000 1.1000 0.0000 -0.9010 0.4339 1.0000 0.0000 0.0000 0.0 0.0 0.0 0.0 0.0 0.0
8.1920 1.1000 1.1000 0.0000 -0.9888 -0.1490 1.0000 0.0000 0.0000 0.0 0.0 0.0 0.0 0.0 0.0
8.5790 1.1000 1.1000 0.0000 -0.7331 -0.6802 1.0000 0.0000 0.0000 0.0 0.0 0.0 0.0 0.0 0.0
8.9660 1.1000 1.1000 0.0000 -0.2225 -0.9749 1.0000 0.0000 0.0000 0.0 0.0 0.0 0.0 0.0 0.0
9.3530 1.1000 1.1000 -0.0000 0.3653 -0.9309 1.0000 0.0000 0.0000 0.0 0.0 0.0 0.0 0.0 0.0
9.7400 1.1000 1.1000 -0.0000 0.8262 -0.5633 1.0000 0.0000 0.0000 0.0 0.0 0.0 0.0 0.0 0.0
1.6904 0.0000 0.0000 0.0000 0.0000 1.0000 1.0000 0.0000 0.0000 0.0 0.0 0.0 0.0 0.0 0.0
1.3808 0.0000 0.0000 0.0000 0.0000 1.0000 1.0000 0.0000 0.0000 0.0 0.0 0.0 0.0 0.0 0.0
1.0712 0.0000 0.0000 0.0000 0.0000 1.0000 1.0000 0.0000 0.0000 0.0 0.0 0.0 0.0 0.0 0.0
0.7616 0.0000 0.0000 0.0000 0.0000 1.0000 1.0000 0.0000 0.0000 0.0 0.0 0.0 0.0 0.0 0.0
2.2821 0.0474 -1.1000 -0.5000 0.8660 0.0000 0.8660 0.5000 0.0000 0.0 0.0 0.0 0.0 0.0 0.0
2.6172 0.2409 -1.1000 -0.4131 0.7155 0.5633 0.8660 0.5000 0.0000 0.0 0.0 0.0 0.0 0.0 0.0
2.9524 0.4344 -1.1000 -0.1827 0.3164 0.9309 0.8660 0.5000 0.0000 0.0 0.0 0.0 0.0 0.0 0.0
3.2875 0.6279 -1.1000 0.1113 -0.1927 0.9749 0.8660 0.5000 0.0000 0.0 0.0 0.0 0.0 0.0 0.0
3.6227 0.8214 -1.1000 0.3665 -0.6348 0.6802 0.8660 0.5000 0.0000 0.0 0.0 0.0 0.0 0.0 0.0
3.9578 1.0149 -1.1000 0.4944 -0.8564 0.1490 0.8660 0.5000 0.0000 0.0 0.0 0.0 0.0 0.0 0.0
4.2930 1.2084 -1.1000 0.4505 -0.7803 -0.4339 0.8660 0.5000 0.0000 0.0 0.0 0.0 0.0 0.0 0.0
4.6281 1.4019 -1.1000 0.2500 -0.4330 -0.8660 0.8660 0.5000 0.0000 0.0 0.0 0.0 0.0 0.0 0.0
4.9633 1.5954 -1.1000 -0.0374 0.0647 -0.9972 0.8660 0.5000 0.0000 0.0 0.0 0.0 0.0 0.0 0.0
5.2984 1.7889 -1.1000 -0.3117 0.5400 -0.7818 0.8660 0.5000 0.0000 0.0 0.0 0.0 0.0 0.0 0.0
5.6336 1.9824 -1.1000 -0.4778 0.8276 -0.2948 0.8660 0.5000 0.0000 0.0 0.0 0.0 0.0 0.0 0.0
5.9687 2.1759 -1.1000 -0.4778 0.8276 0.2948 0.8660 0.5000 0.0000 0.0 0.0 0.0 0.0 0.0 0.0
6.3039 2.3694 -1.1000 -0.3117 0.5400 0.7818 0.8660 0.5000 0.0000 0.0 0.0 0.0 0.0 0.0 0.0
6.6390 2.5629 -1.1000 -0.0374 0.0647 0.9972 0.8660 0.5000 0.0000 0.0 0.0 0.0 0.0 0.0 0.0
6.9742 2.7564 -1.1000 0.2500 -0.4330 0.8660 0.8660 0.5000 0.0000 0.0 0.0 0.0 0.0 0.0 0.0
7.3093 2.9499 -1.1000 0.4505 -0.7803 0.4339 0.8660 0.5000 0.0000 0.0 0.0 0.0 0.0 0.0 0.0
7.6445 3.1434 -1.1000 0.4944 -0.8564 -0.1490 0.8660 0.5000 0.0000 0.0 0.0 0.0 0.0 0.0 0.0
7.9796 3.3369 -1.1000 0.3665 -0.6348 -0.6802 0.8660 0.5000 0.0000 0.0 0.0 0.0 0.0 0.0 0.0
8.3148 3.5304 -1.1000 0.1113 -0.1927 -0.9749 0.8660 0.5000 0.0000 0.0 0.0 0.0 0.0 0.0 0.0
8.6499 3.7239 -1.1000 -0.1827 0.3164 -0.9309 0.8660 0.5000 0.0000 0.0 0.0 0.0 0.0 0.0 0.0
8.9851 3.9174 -1.1000 -0.4131 0.7155 -0.5633 0.8660 0.5000 0.0000 0.0 0.0 0.0 0.0 0.0 0.0
1.1821 1.9526 -1.1000 -0.5000 0.8660 0.0000 0.8660 0.5000 0.0000 0.0 0.0 0.0 0.0 0.0 0.0
1.5172 2.1461 -1.1000 -0.4131 0.7155 0.5633 0.8660 0.5000 0.0000 0.0 0.0 0.0 0.0 0.0 0.0
1.8524 2.3396 -1.1000 -0.1827 0.3164 0.9309 0.8660 0.5000 0.0000 0.0 0.0 0.0 0.0 0.0 0.0
2.1875 2.5331 -1.1000 0.1113 -0.1927 0.9749 0.8660 0.5000 0.0000 0.0 0.0 0.0 0.0 0.0 0.0
2.5227 2.7266 -1.1000 0.3665 -0.6348 0.6802 0.8660 0.5000 0.0000 0.0 0.0 0.0 0.0 0.0 0.0
2.8578 2.9201 -1.1000 0.4944 -0.8564 0.1490 0.8660 0.5000 0.0000 0.0 0.0 0.0 0.0 0.0 0.0
3.1930 3.1136 -1.1000 0.4505 -0.7803 -0.4339 0.8660 0.5000 0.0000 0.0 0.0 0.0 0.0 0.0 0.0
3.5281 3.3071 -1.1000 0.2500 -0.4330 -0.8660 0.8660 0.5000 0.0000 0.0 0.0 0.0 0.0 0.0 0.0
3.8633 3.5006 -1.1000 -0.0374 0.0647 -0.9972 0.8660 0.5000 0.0000 0.0 0.0 0.0 0.0 0.0 0.0
4.1984 3.6941 -1.1000 -0.3117 0.5400 -0.7818 0.8660 0.5000 0.0000 0.0 0.0 0.0 0.0 0.0 0.0
4.5336 3.8876 -1.1000 -0.4778 0.8276 -0.2948 0.8660 0.5000 0.0000 0.0 0.0 0.0 0.0 0.0 0.0
4.8687 4.0811 -1.1000 -0.4778 0.8276 0.2948 0.8660 0.5000 0.0000 0.0 0.0 0.0 0.0 0.0 0.0
5.2039 4.2746 -1.1000 -0.3117 0.5400 0.7818 0.8660 0.5000 0.0000 0.0 0.0 0.0 0.0 0.0 0.0
5.5390 4.4681 -1.1000 -0.0374 0.0647 0.9972 0.8660 0.5000 0.0000 0.0 0.0 0.0 0.0 0.0 0.0
5.8742 4.6616 -1.1000 0.2500 -0.4330 0.8660 0.8660 0.5000 0.0000 0.0 0.0 0.0 0.0 0.0 0.0
6.2093 4.8551 -1.1000 0.4505 -0.7803 0.4339 0.8660 0.5000 0.0000 0.0 0.0 0.0 0.0 0.0 0.0
6.5445 5.0486 -1.1000 0.4944 -0.8564 -0.1490 0.8660 0.5000 0.0000 0.0 0.0 0.0 0.0 0.0 0.0
6.8796 5.2421 -1.1000 0.3665 -0.6348 -0.6802 0.8660 0.5000 0.0000 0.0 0.0 0.0 0.0 0.0 0.0
7.2148 5.4356 -1.1000 0.1113 -0.1927 -0.9749 0.8660 0.5000 0.0000 0.0 0.0 0.0 0.0 0.0 0.0
7.5499 5.6291 -1.1000 -0.1827 0.3164 -0.9309 0.8660 0.5000 0.0000 0.0 0.0 0.0 0.0 0.0 0.0
7.8851 5.8226 -1.1000 -0.4131 0.7155 -0.5633 0.8660 0.5000 0.0000 0.0 0.0 0.0 0.0 0.0 0.0
2.2821 0.0474 1.1000 -0.5000 0.8660 0.0000 0.8660 0.5000 0.0000 0.0 0.0 0.0 0.0 0.0 0.0
2.6172 0.2409 1.1000 -0.4131 0.7155 0.5633 0.8660 0.5000 0.0000 0.0 0.0 0.0 0.0 0.0 0.0
2.9524 0.4344 1.1000 -0.1827 0.3164 0.9309 0.8660 0.5000 0.0000 0.0 0.0 0.0 0.0 0.0 0.0
3.2875 0.6279 1.1000 0.1113 -0.1927 0.9749 0.8660 0.5000 0.0000 0.0 0.0 0.0 0.0 0.0 0.0
3.6227 0.8214 1.1000 0.3665 -0.6348 0.6802 0.8660 0.5000 0.0000 0.0 0.0 0.0 0.0 0.0 0.0
3.9578 1.0149 1.1000 0.4944 -0.8564 0.1490 0.8660 0.5000 0.0000 0.0 0.0 0.0 0.0 0.0 0.0
4.2930 1.2084 1.1000 0.4505 -0.7803 -0.4339 0.8660 0.5000 0.0000 0.0 0.0 0.0 0.0 0.0 0.0
4.6281 1.4019 1.1000 0.2500 -0.4330 -0.8660 0.8660 0.5000 0.0000 0.0 0.0 0.0 0.0 0.0 0.0
4.9633 1.5954 1.1000 -0.0374 0.0647 -0.9972 0.8660 0.5000 0.0000 0.0 0.0 0.0 0.0 0.0 0.0
5.2984 1.7889 1.1000 -0.3117 0.5400 -0.7818 0.8660 0.5000 0.0000 0.0 0.0 0.0 0.0 0.0 0.0
5.6336 1.9824 1.1000 -0.4778 0.8276 -0.2948 0.8660 0.5000 0.0000 0.0 0.0 0.0 0.0 0.0 0.0
5.9687 2.1759 1.1000 -0.4778 0.8276 0.2948 0.8660 0.5000 0.0000 0.0 0.0 0.0 0.0 0.0 0.0
6.3039 2.3694 1.1000 -0.3117 0.5400 0.7818 0.8660 0.5000 0.0000 0.0 0.0 0.0 0.0 0.0 0.0
6.6390 2.5629 1.1000 -0.0374 0.0647 0.9972 0.8660 0.5000 0.0000 0.0 0.0 0.0 0.0 0.0 0.0
6.9742 2.7564 1.1000 0.2500 -0.4330 0.8660 0.8660 0.5000 0.0000 0.0 0.0 0.0 0.0 0.0 0.0
7.3093 2.9499 1.1000 0.4505 -0.7803 0.4339 0.8660 0.5000 0.0000 0.0 0.0 0.0 0.0 0.0 0.0
7.6445 3.1434 1.1000 0.4944 -0.8564 -0.1490 0.8660 0.5000 0.0000 0.0 0.0 0.0 0.0 0.0 0.0
7.9796 3.3369 1.1000 0.3665 -0.6348 -0.6802 0.8660 0.5000 0.0000 0.0 0.0 0.0 0.0 0.0 0.0
8.3148 3.5304 1.1000 0.1113 -0.1927 -0.9749 0.8660 0.5000 0.0000 0.0 0.0 0.0 0.0 0.0 0.0
8.6499 3.7239 1.1000 -0.1827 0.3164 -0.9309 0.8660 0.5000 0.0000 0.0 0.0 0.0 0.0 0.0 0.0
8.9851 3.9174 1.1000 -0.4131 0.7155 -0.5633 0.8660 0.5000 0.0000 0.0 0.0 0.0 0.0 0.0 0.0
1.1821 1.9526 1.1000 -0.5000 0.8660 0.0000 0.8660 0.5000 0.0000 0.0 0.0 0.0 0.0 0.0 0.0
1.5172 2.1461 1.1000 -0.4131 0.7155 0.5633 0.8660 0.5000 0.0000 0.0 0.0 0.0 0.0 0.0 0.0
1.8524 2.3396 1.1000 -0.1827 0.3164 0.9309 0.8660 0.5000 0.0000 0.0 0.0 0.0 0.0 0.0 0.0
2.1875 2.5331 1.1000 0.1113 -0.1927 0.9749 0.8660 0.5000 0.0000 0.0 0.0 0.0 0.0 0.0 0.0
2.5227 2.7266 1.1000 0.3665 -0.6348 0.6802 0.8660 0.5000 0.0000 0.0 0.0 0.0 0.0 0.0 0.0
2.8578 2.9201 1.1000 0.4944 -0.8564 0.1490 0.8660 0.5000 0.0000 0.0 0.0 0.0 0.0 0.0 0.0
3.1930 3.1136 1.1000 0.4505 -0.7803 -0.4339 0.8660 0.5000 0.0000 0.0 0.0 0.0 0.0 0.0 0.0
3.5281 3.3071 1.1000 0.2500 -0.4330 -0.8660 0.8660 0.5000 0.0000 0.0 0.0 0.0 0.0 0.0 0.0
3.8633 3.5006 1.1000 -0.0374 0.0647 -0.9972 0.8660 0.5000 0.0000 0.0 0.0 0.0 0.0 0.0 0.0
4.1984 3.6941 1.1000 -0.3117 0.5400 -0.7818 0.8660 0.5000 0.0000 0.0 0.0 0.0 0.0 0.0 0.0
4.5336 3.8876 1.1000 -0.4778 0.8276 -0.2948 0.8660 0.5000 0.0000 0.0 0.0 0.0 0.0 0.0 0.0
4.8687 4.0811 1.1000 -0.4778 0.8276 0.2948 0.8660 0.5000 0.0000 0.0 0.0 0.0 0.0 0.0 0.0
5.2039 4.2746 1.1000 -0.3117 0.5400 0.7818 0.8660 0.5000 0.0000 0.0 0.0 0.0 0.0 0.0 0.0
5.5390 4.4681 1.1000 -0.0374 0.0647 0.9972 0.8660 0.5000 0.0000 0.0 0.0 0.0 0.0 0.0 0.0
5.8742 4.6616 1.1000 0.2500 -0.4330 0.8660 0.8660 0.5000 0.0000 0.0 0.0 0.0 0.0 0.0 0.0
6.2093 4.8551 1.1000 0.4505 -0.7803 0.4339 0.8660 0.5000 0.0000 0.0 0.0 0.0 0.0 0.0 0.0
6.5445 5.0486 1.1000 0.4944 -0.8564 -0.1490 0.8660 0.5000 0.0000 0.0 0.0 0.0 0.0 0.0 0.0
6.8796 5.2421 1.1000 0.3665 -0.6348 -0.6802 0.8660 0.5000 0.0000 0.0 0.0 0.0 0.0 0.0 0.0
7.2148 5.4356 1.1000 0.1113 -0.1927 -0.9749 0.8660 0.5000 0.0000 0.0 0.0 0.0 0.0 0.0 0.0
7.5499 5.6291 1.1000 -0.1827 0.3164 -0.9309 0.8660 0.5000 0.0000 0.0 0.0 0.0 0.0 0.0 0.0
7.8851 5.8226 1.1000 -0.4131 0.7155 -0.5633 0.8660 0.5000 0.0000 0.0 0.0 0.0 0.0 0.0 0.0
1.4639 0.8452 0.0000 0.0000 0.0000 1.0000 0.8660 0.5000 0.0000 0.0 0.0 0.0 0.0 0.0 0.0
1.1958 0.6904 0.0000 0.0000 0.0000 1.0000 0.8660 0.5000 0.0000 0.0 0.0 0.0 0.0 0.0 0.0
0.9277 0.5356 0.0000 0.0000 0.0000 1.0000 0.8660 0.5000 0.0000 0.0 0.0 0.0 0.0 0.0 0.0
0.6596 0.3808 0.0000 0.0000 0.0000 1.0000 0.8660 0.5000 0.0000 0.0 0.0 0.0 0.0 0.0 0.0
1.9526 1.1821 -1.1000 -0.8660 0.5000 0.0000 0.5000 0.8660 0.0000 0.0 0.0 0.0 0.0 0.0 0.0
2.1461 1.5172 -1.1000 -0.7155 0.4131 0.5633 0.5000 0.8660 0.0000 0.0 0.0 0.0 0.0 0.0 0.0
2.3396 1.8524 -1.1000 -0.3164 0.1827 0.9309 0.5000 0.8660 0.0000 0.0 0.0 0.0 0.0 0.0 0.0
2.5331 2.1875 -1.1000 0.1927 -0.1113 0.9749 0.5000 0.8660 0.0000 0.0 0.0 0.0 0.0 0.0 0.0
2.7266 2.5227 -1.1000 0.6348 -0.3665 0.6802 0.5000 0.8660 0.0000 0.0 0.0 0.0 0.0 0.0 0.0
2.9201 2.8578 -1.1000 0.8564 -0.4944 0.1490 0.5000 0.8660 0.0000 0.0 0.0 0.0 0.0 0.0 0.0
3.1136 3.1930 -1.1000 0.7803 -0.4505 -0.4339 0.5000 0.8660 0.0000 0.0 0.0 0.0 0.0 0.0 0.0
3.3071 3.5281 -1.1000 0.4330 -0.2500 -0.8660 0.5000 0.8660 0.0000 0.0 0.0 0.0 0.0 0.0 0.0
3.5006 3.8633 -1.1000 -0.0647 0.0374 -0.9972 0.5000 0.8660 0.0000 0.0 0.0 0.0 0.0 0.0 0.0
3.6941 4.1984 -1.1000 -0.5400 0.3117 -0.7818 0.5000 0.8660 0.0000 0.0 0.0 0.0 0.0 0.0 0.0
3.8876 4.5336 -1.1000 -0.8276 0.4778 -0.2948 0.5000 0.8660 0.0000 0.0 0.0 0.0 0.0 0.0 0.0
4.0811 4.8687 -1.1000 -0.8276 0.4778 0.2948 0.5000 0.8660 0.0000 0.0 0.0 0.0 0.0 0.0 0.0
4.2746 5.2039 -1.1000 -0.5400 0.3117 0.7818 0.5000 0.8660 0.0000 0.0 0.0 0.0 0.0 0.0 0.0
4.4681 5.5390 -1.1000 -0.0647 0.0374 0.9972 0.5000 0.8660 0.0000 0.0 0.0 0.0 0.0 0.0 0.0
4.6616 5.8742 -1.1000 0.4330 -0.2500 0.8660 0.5000 0.8660 0.0000 0.0 0.0 0.0 0.0 0.0 0.0
4.8551 6.2093 -1.1000 0.7803 -0.4505 0.4339 0.5000 0.8660 0.0000 0.0 0.0 0.0 0.0 0.0 0.0
5.0486 6.5445 -1.1000 0.8564 -0.4944 -0.1490 0.5000 0.8660 0.0000 0.0 0.0 0.0 0.0 0.0 0.0
5.2421 6.8796 -1.1000 0.6348 -0.3665 -0.6802 0.5000 0.8660 0.0000 0.0 0.0 0.0 0.0 0.0 0.0
5.4356 7.2148 -1.1000 0.1927 -0.1113 -0.9749 0.5000 0.8660 0.0000 0.0 0.0 0.0 0.0 0.0 0.0
5.6291 7.5499 -1.1000 -0.3164 0.1827 -0.9309 0.5000 0.8660 0.0000 0.0 0.0 0.0 0.0 0.0 0.0
5.8226 7.8851 -1.1000 -0.7155 0.4131 -0.5633 0.5000 0.8660 0.0000 0.0 0.0 0.0 0.0 0.0 0.0
0.0474 2.2821 -1.1000 -0.8660 0.5000 0.0000 0.5000 0.8660 0.0000 0.0 0.0 0.0 0.0 0.0 0.0
0.2409 2.6172 -1.1000 -0.7155 0.4131 0.5633 0.5000 0.8660 0.0000 0.0 0.0 0.0 0.0 0.0 0.0
0.4344 2.9524 -1.1000 -0.3164 0.1827 0.9309 0.5000 0.8660 0.0000 0.0 0.0 0.0 0.0 0.0 0.0
0.6279 3.2875 -1.1000 0.1927 -0.1113 0.9749 0.5000 0.8660 0.0000 0.0 0.0 0.0 0.0 0.0 0.0
0.8214 3.6227 -1.1000 0.6348 -0.3665 0.6802 0.5000 0.8660 0.0000 0.0 0.0 0.0 0.0 0.0 0.0
1.0149 3.9578 -1.1000 0.8564 -0.4944 0.1490 0.5000 0.8660 0.0000 0.0 0.0 0.0 0.0 0.0 0.0
1.2084 4.2930 -1.1000 0.7803 -0.4505 -0.4339 0.5000 0.8660 0.0000 0.0 0.0 0.0 0.0 0.0 0.0
1.4019 4.6281 -1.1000 0.4330 -0.2500 -0.8660 0.5000 0.8660 0.0000 0.0 0.0 0.0 0.0 0.0 0.0
1.5954 4.9633 -1.1000 -0.0647 0.0374 -0.9972 0.5000 0.8660 0.0000 0.0 0.0 0.0 0.0 0.0 0.0
1.7889 5.2984 -1.1000 -0.5400 0.3117 -0.7818 0.5000 0.8660 0.0000 0.0 0.0 0.0 0.0 0.0 0.0
1.9824 5.6336 -1.1000 -0.8276 0.4778 -0.2948 0.5000 0.8660 0.0000 0.0 0.0 0.0 0.0 0.0 0.0
2.1759 5.9687 -1.1000 -0.8276 0.4778 0.2948 0.5000 0.8660 0.0000 0.0 0.0 0.0 0.0 0.0 0.0
2.3694 6.3039 -1.1000 -0.5400 0.3117 0.7818 0.5000 0.8660 0.0000 0.0 0.0 0.0 0.0 0.0 0.0
2.5629 6.6390 -1.1000 -0.0647 0.0374 0.9972 0.5000 0.8660 0.0000 0.0 0.0 0.0 0.0 0.0 0.0
2.7564 6.9742 -1.1000 0.4330 -0.2500 0.8660 0.5000 0.8660 0.0000 0.0 0.0 0.0 0.0 0.0 0.0
2.9499 7.3093 -1.1000 0.7803 -0.4505 0.4339 0.5000 0.8660 0.0000 0.0 0.0 0.0 0.0 0.0 0.0
3.1434 7.6445 -1.1000 0.8564 -0.4944 -0.1490 0.5000 0.8660 0.0000 0.0 0.0 0.0 0.0 0.0 0.0
3.3369 7.9796 -1.1000 0.6348 -0.3665 -0.6802 0.5000 0.8660 0.0000 0.0 0.0 0.0 0.0 0.0 0.0
3.5304 8.3148 -1.1000 0.1927 -0.1113 -0.9749 0.5000 0.8660 0.0000 0.0 0.0 0.0 0.0 0.0 0.0
3.7239 8.6499 -1.1000 -0.3164 0.1827 -0.9309 0.5000 0.8660 0.0000 0.0 0.0 0.0 0.0 0.0 0.0
3.9174 8.9851 -1.1000 -0.7155 0.4131 -0.5633 0.5000 0.8660 0.0000 0.0 0.0 0.0 0.0 0.0 0.0
1.9526 1.1821 1.1000 -0.8660 0.5000 0.0000 0.5000 0.8660 0.0000 0.0 0.0 0.0 0.0 0.0 0.0
2.1461 1.5172 1.1000 -0.7155 0.4131 0.5633 0.5000 0.8660 0.0000 0.0 0.0 0.0 0.0 0.0 0.0
2.3396 1.8524 1.1000 -0.3164 0.1827 0.9309 0.5000 0.8660 0.0000 0.0 0.0 0.0 0.0 0.0 0.0
2.5331 2.1875 1.1000 0.1927 -0.1113 0.9749 0.5000 0.8660 0.0000 0.0 0.0 0.0 0.0 0.0 0.0
2.7266 2.5227 1.1000 0.6348 -0.3665 0.6802 0.5000 0.8660 0.0000 0.0 0.0 0.0 0.0 0.0 0.0
2.9201 2.8578 1.1000 0.8564 -0.4944 0.1490 0.5000 0.8660 0.0000 0.0 0.0 0.0 0.0 0.0 0.0
3.1136 3.1930 1.1000 0.7803 -0.4505 -0.4339 0.5000 0.8660 0.0000 0.0 0.0 0.0 0.0 0.0 0.0
3.3071 3.5281 1.1000 0.4330 -0.2500 -0.8660 0.5000 0.8660 0.0000 0.0 0.0 0.0 0.0 0.0 0.0
3.5006 3.8633 1.1000 -0.0647 0.0374 -0.9972 0.5000 0.8660 0.0000 0.0 0.0 0.0 0.0 0.0 0.0
3.6941 4.1984 1.1000 -0.5400 0.3117 -0.7818 0.5000 0.8660 0.0000 0.0 0.0 0.0 0.0 0.0 0.0
3.8876 4.5336 1.1000 -0.8276 0.4778 -0.2948 0.5000 0.8660 0.0000 0.0 0.0 0.0 0.0 0.0 0.0
4.0811 4.8687 1.1000 -0.8276 0.4778 0.2948 0.5000 0.8660 0.0000 0.0 0.0 0.0 0.0 0.0 0.0
4.2746 5.2039 1.1000 -0.5400 0.3117 0.7818 0.5000 0.8660 0.0000 0.0 0.0 0.0 0.0 0.0 0.0
4.4681 5.5390 1.1000 -0.0647 0.0374 0.9972 0.5000 0.8660 0.0000 0.0 0.0 0.0 0.0 0.0 0.0
4.6616 5.8742 1.1000 0.4330 -0.2500 0.8660 0.5000 0.8660 0.0000 0.0 0.0 0.0 0.0 0.0 0.0
4.8551 6.2093 1.1000 0.7803 -0.4505 0.4339 0.5000 0.8660 0.0000 0.0 0.0 0.0 0.0 0.0 0.0
5.0486 6.5445 1.1000 0.8564 -0.4944 -0.1490 0.5000 0.8660 0.0000 0.0 0.0 0.0 0.0 0.0 0.0
5.2421 6.8796 1.1000 0.6348 -0.3665 -0.6802 0.5000 0.8660 0.0000 0.0 0.0 0.0 0.0 0.0 0.0
5.4356 7.2148 1.1000 0.1927 -0.1113 -0.9749 0.5000 0.8660 0.0000 0.0 0.0 0.0 0.0 0.0 0.0
5.6291 7.5499 1.1000 -0.3164 0.1827 -0.9309 0.5000 0.8660 0.0000 0.0 0.0 0.0 0.0 0.0 0.0
5.8226 7.8851 1.1000 -0.7155 0.4131 -0.5633 0.5000 0.8660 0.0000 0.0 0.0 0.0 0.0 0.0 0.0
0.0474 2.2821 1.1000 -0.8660 0.5000 0.0000 0.5000 0.8660 0.0000 0.0 0.0 0.0 0.0 0.0 0.0
0.2409 2.6172 1.1000 -0.7155 0.4131 0.5633 0.5000 0.8660 0.0000 0.0 0.0 0.0 0.0 0.0 0.0
0.4344 2.9524 1.1000 -0.3164 0.1827 0.9309 0.5000 0.8660 0.0000 0.0 0.0 0.0 0.0 0.0 0.0
0.6279 3.2875 1.1000 0.1927 -0.1113 0.9749 0.5000 0.8660 0.0000 0.0 0.0 0.0 0.0 0.0 0.0
0.8214 3.6227 1.1000 0.6348 -0.3665 0.6802 0.5000 0.8660 0.0000 0.0 0.0 0.0 0.0 0.0 0.0
1.0149 3.9578 1.1000 0.8564 -0.4944 0.1490 0.5000 0.8660 0.0000 0.0 0.0 0.0 0.0 0.0 0.0
1.2084 4.2930 1.1000 0.7803 -0.4505 -0.4339 0.5000 0.8660 0.0000 0.0 0.0 0.0 0.0 0.0 0.0
1.4019 4.6281 1.1000 0.4330 -0.2500 -0.8660 0.5000 0.8660 0.0000 0.0 0.0 0.0 0.0 0.0 0.0
1.5954 4.9633 1.1000 -0.0647 0.0374 -0.9972 0.5000 0.8660 0.0000 0.0 0.0 0.0 0.0 0.0 0.0
1.7889 5.2984 1.1000 -0.5400 0.3117 -0.7818 0.5000 0.8660 0.0000 0.0 0.0 0.0 0.0 0.0 0.0
1.9824 5.6336 1.1000 -0.8276 0.4778 -0.2948 0.5000 0.8660 0.0000 0.0 0.0 0.0 0.0 0.0 0.0
2.1759 5.9687 1.1000 -0.8276 0.4778 0.2948 0.5000 0.8660 0.0000 0.0 0.0 0.0 0.0 0.0 0.0
2.3694 6.3039 1.1000 -0.5400 0.3117 0.7818 0.5000 0.8660 0.0000 0.0 0.0 0.0 0.0 0.0 0.0
2.5629 6.6390 1.1000 -0.0647 0.0374 0.9972 0.5000 0.8660 0.0000 0.0 0.0 0.0 0.0 0.0 0.0
2.7564 6.9742 1.1000 0.4330 -0.2500 0.8660 0.5000 0.8660 0.0000 0.0 0.0 0.0 0.0 0.0 0.0
2.9499 7.3093 1.1000 0.7803 -0.4505 0.4339 0.5000 0.8660 0.0000 0.0 0.0 0.0 0.0 0.0 0.0
3.1434 7.6445 1.1000 0.8564 -0.4944 -0.1490 0.5000 0.8660 0.0000 0.0 0.0 0.0 0.0 0.0 0.0
3.3369 7.9796 1.1000 0.6348 -0.3665 -0.6802 0.5000 0.8660 0.0000 0.0 0.0 0.0 0.0 0.0 0.0
3.5304 8.3148 1.1000 0.1927 -0.1113 -0.9749 0.5000 0.8660 0.0000 0.0 0.0 0.0 0.0 0.0 0.0
3.7239 8.6499 1.1000 -0.3164 0.1827 -0.9309 0.5000 0.8660 0.0000 0.0 0.0 0.0 0.0 0.0 0.0
3.9174 8.9851 1.1000 -0.7155 0.4131 -0.5633 0.5000 0.8660 0.0000 0.0 0.0 0.0 0.0 0.0 0.0
0.8452 1.4639 0.0000 0.0000 0.0000 1.0000 0.5000 0.8660 0.0000 0.0 0.0 0.0 0.0 0.0 0.0
0.6904 1.1958 0.0000 0.0000 0.0000 1.0000 0.5000 0.8660 0.0000 0.0 0.0 0.0 0.0 0.0 0.0
0.5356 0.9277 0.0000 0.0000 0.0000 1.0000 0.5000 0.8660 0.0000 0.0 0.0 0.0 0.0 0.0 0.0
0.3808 0.6596 0.0000 0.0000 0.0000 1.0000 0.5000 0.8660 0.0000 0.0 0.0 0.0 0.0 0.0 0.0
1.1000 2.0000 -1.1000 -1.0000 0.0000 0.0000 0.0000 1.0000 0.0000 0.0 0.0 0.0 0.0 0.0 0.0
1.1000 2.3870 -1.1000 -0.8262 0.0000 0.5633 0.0000 1.0000 0.0000 0.0 0.0 0.0 0.0 0.0 0.0
1.1000 2.7740 -1.1000 -0.3653 0.0000 0.9309 0.0000 1.0000 0.0000 0.0 0.0 0.0 0.0 0.0 0.0
1.1000 3.1610 -1.1000 0.2225 -0.0000 0.9749 0.0000 1.0000 0.0000 0.0 0.0 0.0 0.0 0.0 0.0
1.1000 3.5480 -1.1000 0.7331 -0.0000 0.6802 0.0000 1.0000 0.0000 0.0 0.0 0.0 0.0 0.0 0.0
1.1000 3.9350 -1.1000 0.9888 -0.0000 0.1490 0.0000 1.0000 0.0000 0.0 0.0 0.0 0.0 0.0 0.0
1.1000 4.3220 -1.1000 0.9010 -0.0000 -0.4339 0.0000 1.0000 0.0000 0.0 0.0 0.0 0.0 0.0 0.0
1.1000 4.7090 -1.1000 0.5000 -0.0000 -0.8660 0.0000 1.0000 0.0000 0.0 0.0 0.0 0.0 0.0 0.0
1.1000 5.0960 -1.1000 -0.0747 0.0000 -0.9972 0.0000 1.0000 0.0000 0.0 0.0 0.0 0.0 0.0 0.0
1.1000 5.4830 -1.1000 -0.6235 0.0000 -0.7818 0.0000 1.0000 0.0000 0.0 0.0 0.0 0.0 0.0 0.0
1.1000 5.8700 -1.1000 -0.9556 0.0000 -0.2948 0.0000 1.0000 0.0000 0.0 0.0 0.0 0.0 0.0 0.0
1.1000 6.2570 -1.1000 -0.9556 0.0000 0.2948 0.0000 1.0000 0.0000 0.0 0.0 0.0 0.0 0.0 0.0
1.1000 6.6440 -1.1000 -0.6235 0.0000 0.7818 0.0000 1.0000 0.0000 0.0 0.0 0.0 0.0 0.0 0.0
1.1000 7.0310 -1.1000 -0.0747 0.0000 0.9972 0.0000 1.0000 0.0000 0.0 0.0 0.0 0.0 0.0 0.0
1.1000 7.4180 -1.1000 0.5000 -0.0000 0.8660 0.0000 1.0000 0.0000 0.0 0.0 0.0 0.0 0.0 0.0
1.1000 7.8050 -1.1000 0.9010 -0.0000 0.4339 0.0000 1.0000 0.0000 0.0 0.0 0.0 0.0 0.0 0.0
1.1000 8.1920 -1.1000 0.9888 -0.0000 -0.1490 0.0000 1.0000 0.0000 0.0 0.0 0.0 0.0 0.0 0.0
1.1000 8.5790 -1.1000 0.7331 -0.0000 -0.6802 0.0000 1.0000 0.0000 0.0 0.0 0.0 0.0 0.0 0.0
1.1000 8.9660 -1.1000 0.2225 -0.0000 -0.9749 0.0000 1.0000 0.0000 0.0 0.0 0.0 0.0 0.0 0.0
1.1000 9.3530 -1.1000 -0.3653 0.0000 -0.9309 0.0000 1.0000 0.0000 0.0 0.0 0.0 0.0 0.0 0.0
1.1000 9.7400 -1.1000 -0.8262 0.0000 -0.5633 0.0000 1.0000 0.0000 0.0 0.0 0.0 0.0 0.0 0.0
-1.1000 2.0000 -1.1000 -1.0000 0.0000 0.0000 0.0000 1.0000 0.0000 0.0 0.0 0.0 0.0 0.0 0.0
-1.1000 2.3870 -1.1000 -0.8262 0.0000 0.5633 0.0000 1.0000 0.0000 0.0 0.0 0.0 0.0 0.0 0.0
-1.1000 2.7740 -1.1000 -0.3653 0.0000 0.9309 0.0000 1.0000 0.0000 0.0 0.0 0.0 0.0 0.0 0.0
-1.1000 3.1610 -1.1000 0.2225 -0.0000 0.9749 0.0000 1.0000 0.0000 0.0 0.0 0.0 0.0 0.0 0.0
-1.1000 3.5480 -1.1000 0.7331 -0.0000 0.6802 0.0000 1.0000 0.0000 0.0 0.0 0.0 0.0 0.0 0.0
-1.1000 3.9350 -1.1000 0.9888 -0.0000 0.1490 0.0000 1.0000 0.0000 0.0 0.0 0.0 0.0 0.0 0.0
-1.1000 4.3220 -1.1000 0.9010 -0.0000 -0.4339 0.0000 1.0000 0.0000 0.0 0.0 0.0 0.0 0.0 0.0
-1.1000 4.7090 -1.1000 0.5000 -0.0000 -0.8660 0.0000 1.0000 0.0000 0.0 0.0 0.0 0.0 0.0 0.0
-1.1000 5.0960 -1.1000 -0.0747 0.0000 -0.9972 0.0000 1.0000 0.0000 0.0 0.0 0.0 0.0 0.0 0.0
-1.1000 5.4830 -1.1000 -0.6235 0.0000 -0.7818 0.0000 1.0000 0.0000 0.0 0.0 0.0 0.0 0.0 0.0
-1.1000 5.8700 -1.1000 -0.9556 0.0000 -0.2948 0.0000 1.0000 0.0000 0.0 0.0 0.0 0.0 0.0 0.0
-1.1000 6.2570 -1.1000 -0.9556 0.0000 0.2948 0.0000 1.0000 0.0000 0.0 0.0 0.0 0.0 0.0 0.0
-1.1000 6.6440 -1.1000 -0.6235 0.0000 0.7818 0.0000 1.0000 0.0000 0.0 0.0 0.0 0.0 0.0 0.0
-1.1000 7.0310 -1.1000 -0.0747 0.0000 0.9972 0.0000 1.0000 0.0000 0.0 0.0 0.0 0.0 0.0 0.0
-1.1000 7.4180 -1.1000 0.5000 -0.0000 0.8660 0.0000 1.0000 0.0000 0.0 0.0 0.0 0.0 0.0 0.0
-1.1000 7.8050 -1.1000 0.9010 -0.0000 0.4339 0.0000 1.0000 0.0000 0.0 0.0 0.0 0.0 0.0 0.0
-1.1000 8.1920 -1.1000 0.9888 -0.0000 -0.1490 0.0000 1.0000 0.0000 0.0 0.0 0.0 0.0 0.0 0.0
-1.1000 8.5790 -1.1000 0.7331 -0.0000 -0.6802 0.0000 1.0000 0.0000 0.0 0.0 0.0 0.0 0.0 0.0
-1.1000 8.9660 -1.1000 0.2225 -0.0000 -0.9749 0.0000 1.0000 0.0000 0.0 0.0 0.0 0.0 0.0 0.0
-1.1000 9.3530 -1.1000 -0.3653 0.0000 -0.9309 0.0000 1.0000 0.0000 0.0 0.0 0.0 0.0 0.0 0.0
-1.1000 9.7400 -1.1000 -0.8262 0.0000 -0.5633 0.0000 1.0000 0.0000 0.0 0.0 0.0 0.0 0.0 0.0
1.1000 2.0000 1.1000 -1.0000 0.0000 0.0000 0.0000 1.0000 0.0000 0.0 0.0 0.0 0.0 0.0 0.0
1.1000 2.3870 1.1000 -0.8262 0.0000 0.5633 0.0000 1.0000 0.0000 0.0 0.0 0.0 0.0 0.0 0.0
1.1000 2.7740 1.1000 -0.3653 0.0000 0.9309 0.0000 1.0000 0.0000 0.0 0.0 0.0 0.0 0.0 0.0
1.1000 3.1610 1.1000 0.2225 -0.0000 0.9749 0.0000 1.0000 0.0000 0.0 0.0 0.0 0.0 0.0 0.0
1.1000 3.5480 1.1000 0.7331 -0.0000 0.6802 0.0000 1.0000 0.0000 0.0 0.0 0.0 0.0 0.0 0.0
1.1000 3.9350 1.1000 0.9888 -0.0000 0.1490 0.0000 1.0000 0.0000 0.0 0.0 0.0 0.0 0.0 0.0
1.1000 4.3220 1.1000 0.9010 -0.0000 -0.4339 0.0000 1.0000 0.0000 0.0 0.0 0.0 0.0 0.0 0.0
1.1000 4.7090 1.1000 0.5000 -0.0000 -0.8660 0.0000 1.0000 0.0000 0.0 0.0 0.0 0.0 0.0 0.0
1.1000 5.0960 1.1000 -0.0747 0.0000 -0.9972 0.0000 1.0000 0.0000 0.0 0.0 0.0 0.0 0.0 0.0
1.1000 5.4830 1.1000 -0.6235 0.0000 -0.7818 0.0000 1.0000 0.0000 0.0 0.0 0.0 0.0 0.0 0.0
1.1000 5.8700 1.1000 -0.9556 0.0000 -0.2948 0.0000 1.0000 0.0000 0.0 0.0 0.0 0.0 0.0 0.0
1.1000 6.2570 1.1000 -0.9556 0.0000 0.2948 0.0000 1.0000 0.0000 0.0 0.0 0.0 0.0 0.0 0.0
1.1000 6.6440 1.1000 -0.6235 0.0000 0.7818 0.0000 1.0000 0.0000 0.0 0.0 0.0 0.0 0.0 0.0
1.1000 7.0310 1.1000 -0.0747 0.0000 0.9972 0.0000 1.0000 0.0000 0.0 0.0 0.0 0.0 0.0 0.0
1.1000 7.4180 1.1000 0.5000 -0.0000 0.8660 0.0000 1.0000 0.0000 0.0 0.0 0.0 0.0 0.0 0.0
1.1000 7.8050 1.1000 0.9010 -0.0000 0.4339 0.0000 1.0000 0.0000 0.0 0.0 0.0 0.0 0.0 0.0
1.1000 8.1920 1.1000 0.9888 -0.0000 -0.1490 0.0000 1.0000 0.0000 0.0 0.0 0.0 0.0 0.0 0.0
1.1000 8.5790 1.1000 0.7331 -0.0000 -0.6802 0.0000 1.0000 0.0000 0.0 0.0 0.0 0.0 0.0 0.0
1.1000 8.9660 1.1000 0.2225 -0.0000 -0.9749 0.0000 1.0000 0.0000 0.0 0.0 0.0 0.0 0.0 0.0
1.1000 9.3530 1.1000 -0.3653 0.0000 -0.9309 0.0000 1.0000 0.0000 0.0 0.0 0.0 0.0 0.0 0.0
1.1000 9.7400 1.1000 -0.8262 0.0000 -0.5633 0.0000 1.0000 0.0000 0.0 0.0 0.0 0.0 0.0 0.0
-1.1000 2.0000 1.1000 -1.0000 0.0000 0.0000 0.0000 1.0000 0.0000 0.0 0.0 0.0 0.0 0.0 0.0
-1.1000 2.3870 1.1000 -0.8262 0.0000 0.5633 0.0000 1.0000 0.0000 0.0 0.0 0.0 0.0 0.0 0.0
-1.1000 2.7740 1.1000 -0.3653 0.0000 0.9309 0.0000 1.0000 0.0000 0.0 0.0 0.0 0.0 0.0 0.0
-1.1000 3.1610 1.1000 0.2225 -0.0000 0.9749 0.0000 1.0000 0.0000 0.0 0.0 0.0 0.0 0.0 0.0
-1.1000 3.5480 1.1000 0.7331 -0.0000 0.6802 0.0000 1.0000 0.0000 0.0 0.0 0.0 0.0 0.0 0.0
-1.1000 3.9350 1.1000 0.9888 -0.0000 0.1490 0.0000 1.0000 0.0000 0.0 0.0 0.0 0.0 0.0 0.0
-1.1000 4.3220 1.1000 0.9010 -0.0000 -0.4339 0.0000 1.0000 0.0000 0.0 0.0 0.0 0.0 0.0 0.0
-1.1000 4.7090 1.1000 0.5000 -0.0000 -0.8660 0.0000 1.0000 0.0000 0.0 0.0 0.0 0.0 0.0 0.0
-1.1000 5.0960 1.1000 -0.0747 0.0000 -0.9972 0.0000 1.0000 0.0000 0.0 0.0 0.0 0.0 0.0 0.0
-1.1000 5.4830 1.1000 -0.6235 0.0000 -0.7818 0.0000 1.0000 0.0000 0.0 0.0 0.0 0.0 0.0 0.0
-1.1000 5.8700 1.1000 -0.9556 0.0000 -0.2948 0.0000 1.0000 0.0000 0.0 0.0 0.0 0.0 0.0 0.0
-1.1000 6.2570 1.1000 -0.9556 0.0000 0.2948 0.0000 1.0000 0.0000 0.0 0.0 0.0 0.0 0.0 0.0
-1.1000 6.6440 1.1000 -0.6235 0.0000 0.7818 0.0000 1.0000 0.0000 0.0 0.0 0.0 0.0 0.0 0.0
-1.1000 7.0310 1.1000 -0.0747 0.0000 0.9972 0.0000 1.0000 0.0000 0.0 0.0 0.0 0.0 0.0 0.0
-1.1000 7.4180 1.1000 0.5000 -0.0000 0.8660 0.0000 1.0000 0.0000 0.0 0.0 0.0 0.0 0.0 0.0
-1.1000 7.8050 1.1000 0.9010 -0.0000 0.4339 0.0000 1.0000 0.0000 0.0 0.0 0.0 0.0 0.0 0.0
-1.1000 8.1920 1.1000 0.9888 -0.0000 -0.1490 0.0000 1.0000 0.0000 0.0 0.0 0.0 0.0 0.0 0.0
-1.1000 8.5790 1.1000 0.7331 -0.0000 -0.6802 0.0000 1.0000 0.0000 0.0 0.0 0.0 0.0 0.0 0.0
-1.1000 8.9660 1.1000 0.2225 -0.0000 -0.9749 0.0000 1.0000 0.0000 0.0 0.0 0.0 0.0 0.0 0.0
-1.1000 9.3530 1.1000 -0.3653 0.0000 -0.9309 0.0000 1.0000 0.0000 0.0 0.0 0.0 0.0 0.0 0.0
-1.1000 9.7400 1.1000 -0.8262 0.0000 -0.5633 0.0000 1.0000 0.0000 0.0 0.0 0.0 0.0 0.0 0.0
0.0000 1.6904 0.0000 0.0000 0.0000 1.0000 0.0000 1.0000 0.0000 0.0 0.0 0.0 0.0 0.0 0.0
0.0000 1.3808 0.0000 0.0000 0.0000 1.0000 0.0000 1.0000 0.0000 0.0 0.0 0.0 0.0 0.0 0.0
0.0000 1.0712 0.0000 0.0000 0.0000 1.0000 0.0000 1.0000 0.0000 0.0 0.0 0.0 0.0 0.0 0.0
0.0000 0.7616 0.0000 0.0000 0.0000 1.0000 0.0000 1.0000 0.0000 0.0 0.0 0.0 0.0 0.0 0.0
-0.0474 2.2821 -1.1000 -0.8660 -0.5000 0.0000 -0.5000 0.8660 0.0000 0.0 0.0 0.0 0.0 0.0 0.0
-0.2409 2.6172 -1.1000 -0.7155 -0.4131 0.5633 -0.5000 0.8660 0.0000 0.0 0.0 0.0 0.0 0.0 0.0
-0.4344 2.9524 -1.1000 -0.3164 -0.1827 0.9309 -0.5000 0.8660 0.0000 0.0 0.0 0.0 0.0 0.0 0.0
-0.6279 3.2875 -1.1000 0.1927 0.1113 0.9749 -0.5000 0.8660 0.0000 0.0 0.0 0.0 0.0 0.0 0.0
-0.8214 3.6227 -1.1000 0.6348 0.3665 0.6802 -0.5000 0.8660 0.0000 0.0 0.0 0.0 0.0 0.0 0.0
-1.0149 3.9578 -1.1000 0.8564 0.4944 0.1490 -0.5000 0.8660 0.0000 0.0 0.0 0.0 0.0 0.0 0.0
-1.2084 4.2930 -1.1000 0.7803 0.4505 -0.4339 -0.5000 0.8660 0.0000 0.0 0.0 0.0 0.0 0.0 0.0
-1.4019 4.6281 -1.1000 0.4330 0.2500 -0.8660 -0.5000 0.8660 0.0000 0.0 0.0 0.0 0.0 0.0 0.0
-1.5954 4.9633 -1.1000 -0.0647 -0.0374 -0.9972 -0.5000 0.8660 0.0000 0.0 0.0 0.0 0.0 0.0 0.0
-1.7889 5.2984 -1.1000 -0.5400 -0.3117 -0.7818 -0.5000 0.8660 0.0000 0.0 0.0 0.0 0.0 0.0 0.0
-1.9824 5.6336 -1.1000 -0.8276 -0.4778 -0.2948 -0.5000 0.8660 0.0000 0.0 0.0 0.0 0.0 0.0 0.0
-2.1759 5.9687 -1.1000 -0.8276 -0.4778 0.2948 -0.5000 0.8660 0.0000 0.0 0.0 0.0 0.0 0.0 0.0
-2.3694 6.3039 -1.1000 -0.5400 -0.3117 0.7818 -0.5000 0.8660 0.0000 0.0 0.0 0.0 0.0 0.0 0.0
-2.5629 6.6390 -1.1000 -0.0647 -0.0374 0.9972 -0.5000 0.8660 0.0000 0.0 0.0 0.0 0.0 0.0 0.0
-2.7564 6.9742 -1.1000 0.4330 0.2500 0.8660 -0.5000 0.8660 0.0000 0.0 0.0 0.0 0.0 0.0 0.0
-2.9499 7.3093 -1.1000 0.7803 0.4505 0.4339 -0.5000 0.8660 0.0000 0.0 0.0 0.0 0.0 0.0 0.0
-3.1434 7.6445 -1.1000 0.8564 0.4944 -0.1490 -0.5000 0.8660 0.0000 0.0 0.0 0.0 0.0 0.0 0.0
-3.3369 7.9796 -1.1000 0.6348 0.3665 -0.6802 -0.5000 0.8660 0.0000 0.0 0.0 0.0 0.0 0.0 0.0
-3.5304 8.3148 -1.1000 0.1927 0.1113 -0.9749 -0.5000 0.8660 0.0000 0.0 0.0 0.0 0.0 0.0 0.0
-3.7239 8.6499 -1.1000 -0.3164 -0.1827 -0.9309 -0.5000 0.8660 0.0000 0.0 0.0 0.0 0.0 0.0 0.0
-3.9174 8.9851 -1.1000 -0.7155 -0.4131 -0.5633 -0.5000 0.8660 0.0000 0.0 0.0 0.0 0.0 0.0 0.0
-1.9526 1.1821 -1.1000 -0.8660 -0.5000 0.0000 -0.5000 0.8660 0.0000 0.0 0.0 0.0 0.0 0.0 0.0
-2.1461 1.5172 -1.1000 -0.7155 -0.4131 0.5633 -0.5000 0.8660 0.0000 0.0 0.0 0.0 0.0 0.0 0.0
-2.3396 1.8524 -1.1000 -0.3164 -0.1827 0.9309 -0.5000 0.8660 0.0000 0.0 0.0 0.0 0.0 0.0 0.0
-2.5331 2.1875 -1.1000 0.1927 0.1113 0.9749 -0.5000 0.8660 0.0000 0.0 0.0 0.0 0.0 0.0 0.0
-2.7266 2.5227 -1.1000 0.6348 0.3665 0.6802 -0.5000 0.8660 0.0000 0.0 0.0 0.0 0.0 0.0 0.0
-2.9201 2.8578 -1.1000 0.8564 0.4944 0.1490 -0.5000 0.8660 0.0000 0.0 0.0 0.0 0.0 0.0 0.0
-3.1136 3.1930 -1.1000 0.7803 0.4505 -0.4339 -0.5000 0.8660 0.0000 0.0 0.0 0.0 0.0 0.0 0.0
-3.3071 3.5281 -1.1000 0.4330 0.2500 -0.8660 -0.5000 0.8660 0.0000 0.0 0.0 0.0 0.0 0.0 0.0
-3.5006 3.8633 -1.1000 -0.0647 -0.0374 -0.9972 -0.5000 0.8660 0.0000 0.0 0.0 0.0 0.0 0.0 0.0
-3.6941 4.1984 -1.1000 -0.5400 -0.3117 -0.7818 -0.5000 0.8660 0.0000 0.0 0.0 0.0 0.0 0.0 0.0
-3.8876 4.5336 -1.1000 -0.8276 -0.4778 -0.2948 -0.5000 0.8660 0.0000 0.0 0.0 0.0 0.0 0.0 0.0
-4.0811 4.8687 -1.1000 -0.8276 -0.4778 0.2948 -0.5000 0.8660 0.0000 0.0 0.0 0.0 0.0 0.0 0.0
-4.2746 5.2039 -1.1000 -0.5400 -0.3117 0.7818 -0.5000 0.8660 0.0000 0.0 0.0 0.0 0.0 0.0 0.0
-4.4681 5.5390 -1.1000 -0.0647 -0.0374 0.9972 -0.5000 0.8660 0.0000 0.0 0.0 0.0 0.0 0.0 0.0
-4.6616 5.8742 -1.1000 0.4330 0.2500 0.8660 -0.5000 0.8660 0.0000 0.0 0.0 0.0 0.0 0.0 0.0
-4.8551 6.2093 -1.1000 0.7803 0.4505 0.4339 -0.5000 0.8660 0.0000 0.0 0.0 0.0 0.0 0.0 0.0
-5.0486 6.5445 -1.1000 0.8564 0.4944 -0.1490 -0.5000 0.8660 0.0000 0.0 0.0 0.0 0.0 0.0 0.0
-5.2421 6.8796 -1.1000 0.6348 0.3665 -0.6802 -0.5000 0.8660 0.0000 0.0 0.0 0.0 0.0 0.0 0.0
-5.4356 7.2148 -1.1000 0.1927 0.1113 -0.9749 -0.5000 0.8660 0.0000 0.0 0.0 0.0 0.0 0.0 0.0
-5.6291 7.5499 -1.1000 -0.3164 -0.1827 -0.9309 -0.5000 0.8660 0.0000 0.0 0.0 0.0 0.0 0.0 0.0
-5.8226 7.8851 -1.1000 -0.7155 -0.4131 -0.5633 -0.5000 0.8660 0.0000 0.0 0.0 0.0 0.0 0.0 0.0
-0.0474 2.2821 1.1000 -0.8660 -0.5000 0.0000 -0.5000 0.8660 0.0000 0.0 0.0 0.0 0.0 0.0 0.0
-0.2409 2.6172 1.1000 -0.7155 -0.4131 0.5633 -0.5000 0.8660 0.0000 0.0 0.0 0.0 0.0 0.0 0.0
-0.4344 2.9524 1.1000 -0.3164 -0.1827 0.9309 -0.5000 0.8660 0.0000 0.0 0.0 0.0 0.0 0.0 0.0
-0.6279 3.2875 1.1000 0.1927 0.1113 0.9749 -0.5000 0.8660 0.0000 0.0 0.0 0.0 0.0 0.0 0.0
-0.8214 3.6227 1.1000 0.6348 0.3665 0.6802 -0.5000 0.8660 0.0000 0.0 0.0 0.0 0.0 0.0 0.0
-1.0149 3.9578 1.1000 0.8564 0.4944 0.1490 -0.5000 0.8660 0.0000 0.0 0.0 0.0 0.0 0.0 0.0
-1.2084 4.2930 1.1000 0.7803 0.4505 -0.4339 -0.5000 0.8660 0.0000 0.0 0.0 0.0 0.0 0.0 0.0
-1.4019 4.6281 1.1000 0.4330 0.2500 -0.8660 -0.5000 0.8660 0.0000 0.0 0.0 0.0 0.0 0.0 0.0
-1.5954 4.9633 1.1000 -0.0647 -0.0374 -0.9972 -0.5000 0.8660 0.0000 0.0 0.0 0.0 0.0 0.0 0.0
-1.7889 5.2984 1.1000 -0.5400 -0.3117 -0.7818 -0.5000 0.8660 0.0000 0.0 0.0 0.0 0.0 0.0 0.0
-1.9824 5.6336 1.1000 -0.8276 -0.4778 -0.2948 -0.5000 0.8660 0.0000 0.0 0.0 0.0 0.0 0.0 0.0
-2.1759 5.9687 1.1000 -0.8276 -0.4778 0.2948 -0.5000 0.8660 0.0000 0.0 0.0 0.0 0.0 0.0 0.0
-2.3694 6.3039 1.1000 -0.5400 -0.3117 0.7818 -0.5000 0.8660 0.0000 0.0 0.0 0.0 0.0 0.0 0.0
-2.5629 6.6390 1.1000 -0.0647 -0.0374 0.9972 -0.5000 0.8660 0.0000 0.0 0.0 0.0 0.0 0.0 0.0
-2.7564 6.9742 1.1000 0.4330 0.2500 0.8660 -0.5000 0.8660 0.0000 0.0 0.0 0.0 0.0 0.0 0.0
-2.9499 7.3093 1.1000 0.7803 0.4505 0.4339 -0.5000 0.8660 0.0000 0.0 0.0 0.0 0.0 0.0 0.0
-3.1434 7.6445 1.1000 0.8564 0.4944 -0.1490 -0.5000 0.8660 0.0000 0.0 0.0 0.0 0.0 0.0 0.0
-3.3369 7.9796 1.1000 0.6348 0.3665 -0.6802 -0.5000 0.8660 0.0000 0.0 0.0 0.0 0.0 0.0 0.0
-3.5304 8.3148 1.1000 0.1927 0.1113 -0.9749 -0.5000 0.8660 0.0000 0.0 0.0 0.0 0.0 0.0 0.0
-3.7239 8.6499 1.1000 -0.3164 -0.1827 -0.9309 -0.5000 0.8660 0.0000 0.0 0.0 0.0 0.0 0.0 0.0
-3.9174 8.9851 1.1000 -0.7155 -0.4131 -0.5633 -0.5000 0.8660 0.0000 0.0 0.0 0.0 0.0 0.0 0.0
-1.9526 1.1821 1.1000 -0.8660 -0.5000 0.0000 -0.5000 0.8660 0.0000 0.0 0.0 0.0 0.0 0.0 0.0
-2.1461 1.5172 1.1000 -0.7155 -0.4131 0.5633 -0.5000 0.8660 0.0000 0.0 0.0 0.0 0.0 0.0 0.0
-2.3396 1.8524 1.1000 -0.3164 -0.1827 0.9309 -0.5000 0.8660 0.0000 0.0 0.0 0.0 0.0 0.0 0.0
-2.5331 2.1875 1.1000 0.1927 0.1113 0.9749 -0.5000 0.8660 0.0000 0.0 0.0 0.0 0.0 0.0 0.0
-2.7266 2.5227 1.1000 0.6348 0.3665 0.6802 -0.5000 0.8660 0.0000 0.0 0.0 0.0 0.0 0.0 0.0
-2.9201 2.8578 1.1000 0.8564 0.4944 0.1490 -0.5000 0.8660 0.0000 0.0 0.0 0.0 0.0 0.0 0.0
-3.1136 3.1930 1.1000 0.7803 0.4505 -0.4339 -0.5000 0.8660 0.0000 0.0 0.0 0.0 0.0 0.0 0.0
-3.3071 3.5281 1.1000 0.4330 0.2500 -0.8660 -0.5000 0.8660 0.0000 0.0 0.0 0.0 0.0 0.0 0.0
-3.5006 3.8633 1.1000 -0.0647 -0.0374 -0.9972 -0.5000 0.8660 0.0000 0.0 0.0 0.0 0.0 0.0 0.0
-3.6941 4.1984 1.1000 -0.5400 -0.3117 -0.7818 -0.5000 0.8660 0.0000 0.0 0.0 0.0 0.0 0.0 0.0
-3.8876 4.5336 1.1000 -0.8276 -0.4778 -0.2948 -0.5000 0.8660 0.0000 0.0 0.0 0.0 0.0 0.0 0.0
-4.0811 4.8687 1.1000 -0.8276 -0.4778 0.2948 -0.5000 0.8660 0.0000 0.0 0.0 0.0 0.0 0.0 0.0
-4.2746 5.2039 1.1000 -0.5400 -0.3117 0.7818 -0.5000 0.8660 0.0000 0.0 0.0 0.0 0.0 0.0 0.0
-4.4681 5.5390 1.1000 -0.0647 -0.0374 0.9972 -0.5000 0.8660 0.0000 0.0 0.0 0.0 0.0 0.0 0.0
-4.6616 5.8742 1.1000 0.4330 0.2500 0.8660 -0.5000 0.8660 0.0000 0.0 0.0 0.0 0.0 0.0 0.0
-4.8551 6.2093 1.1000 0.7803 0.4505 0.4339 -0.5000 0.8660 0.0000 0.0 0.0 0.0 0.0 0.0 0.0
-5.0486 6.5445 1.1000 0.8564 0.4944 -0.1490 -0.5000 0.8660 0.0000 0.0 0.0 0.0 0.0 0.0 0.0
-5.2421 6.8796 1.1000 0.6348 0.3665 -0.6802 -0.5000 0.8660 0.0000 0.0 0.0 0.0 0.0 0.0 0.0
-5.4356 7.2148 1.1000 0.1927 0.1113 -0.9749 -0.5000 0.8660 0.0000 0.0 0.0 0.0 0.0 0.0 0.0
-5.6291 7.5499 1.1000 -0.3164 -0.1827 -0.9309 -0.5000 0.8660 0.0000 0.0 0.0 0.0 0.0 0.0 0.0
-5.8226 7.8851 1.1000 -0.7155 -0.4131 -0.5633 -0.5000 0.8660 0.0000 0.0 0.0 0.0 0.0 0.0 0.0
-0.8452 1.4639 0.0000 0.0000 0.0000 1.0000 -0.5000 0.8660 0.0000 0.0 0.0 0.0 0.0 0.0 0.0
-0.6904 1.1958 0.0000 0.0000 0.0000 1.0000 -0.5000 0.8660 0.0000 0.0 0.0 0.0 0.0 0.0 0.0
-0.5356 0.9277 0.0000 0.0000 0.0000 1.0000 -0.5000 0.8660 0.0000 0.0 0.0 0.0 0.0 0.0 0.0
-0.3808 0.6596 0.0000 0.0000 0.0000 1.0000 -0.5000 0.8660 0.0000 0.0 0.0 0.0 0.0 0.0 0.0
-1.1821 1.9526 -1.1000 -0.5000 -0.8660 0.0000 -0.8660 0.5000 0.0000 0.0 0.0 0.0 0.0 0.0 0.0
-1.5172 2.1461 -1.1000 -0.4131 -0.7155 0.5633 -0.8660 0.5000 0.0000 0.0 0.0 0.0 0.0 0.0 0.0
-1.8524 2.3396 -1.1000 -0.1827 -0.3164 0.9309 -0.8660 0.5000 0.0000 0.0 0.0 0.0 0.0 0.0 0.0
-2.1875 2.5331 -1.1000 0.1113 0.1927 0.9749 -0.8660 0.5000 0.0000 0.0 0.0 0.0 0.0 0.0 0.0
-2.5227 2.7266 -1.1000 0.3665 0.6348 0.6802 -0.8660 0.5000 0.0000 0.0 0.0 0.0 0.0 0.0 0.0
-2.8578 2.9201 -1.1000 0.4944 0.8564 0.1490 -0.8660 0.5000 0.0000 0.0 0.0 0.0 0.0 0.0 0.0
-3.1930 3.1136 -1.1000 0.4505 0.7803 -0.4339 -0.8660 0.5000 0.0000 0.0 0.0 0.0 0.0 0.0 0.0
-3.5281 3.3071 -1.1000 0.2500 0.4330 -0.8660 -0.8660 0.5000 0.0000 0.0 0.0 0.0 0.0 0.0 0.0
-3.8633 3.5006 -1.1000 -0.0374 -0.0647 -0.9972 -0.8660 0.5000 0.0000 0.0 0.0 0.0 0.0 0.0 0.0
-4.1984 3.6941 -1.1000 -0.3117 -0.5400 -0.7818 -0.8660 0.5000 0.0000 0.0 0.0 0.0 0.0 0.0 0.0
-4.5336 3.8876 -1.1000 -0.4778 -0.8276 -0.2948 -0.8660 0.5000 0.0000 0.0 0.0 0.0 0.0 0.0 0.0
-4.8687 4.0811 -1.1000 -0.4778 -0.8276 0.2948 -0.8660 0.5000 0.0000 0.0 0.0 0.0 0.0 0.0 0.0
-5.2039 4.2746 -1.1000 -0.3117 -0.5400 0.7818 -0.8660 0.5000 0.0000 0.0 0.0 0.0 0.0 0.0 0.0
-5.5390 4.4681 -1.1000 -0.0374 -0.0647 0.9972 -0.8660 0.5000 0.0000 0.0 0.0 0.0 0.0 0.0 0.0
-5.8742 4.6616 -1.1000 0.2500 0.4330 0.8660 -0.8660 0.5000 0.0000 0.0 0.0 0.0 0.0 0.0 0.0
-6.2093 4.8551 -1.1000 0.4505 0.7803 0.4339 -0.8660 0.5000 0.0000 0.0 0.0 0.0 0.0 0.0 0.0
-6.5445 5.0486 -1.1000 0.4944 0.8564 -0.1490 -0.8660 0.5000 0.0000 0.0 0.0 0.0 0.0 0.0 0.0
-6.8796 5.2421 -1.1000 0.3665 0.6348 -0.6802 -0.8660 0.5000 0.0000 0.0 0.0 0.0 0.0 0.0 0.0
-7.2148 5.4356 -1.1000 0.1113 0.1927 -0.9749 -0.8660 0.5000 0.0000 0.0 0.0 0.0 0.0 0.0 0.0
-7.5499 5.6291 -1.1000 -0.1827 -0.3164 -0.9309 -0.8660 0.5000 0.0000 0.0 0.0 0.0 0.0 0.0 0.0
-7.8851 5.8226 -1.1000 -0.4131 -0.7155 -0.5633 -0.8660 0.5000 0.0000 0.0 0.0 0.0 0.0 0.0 0.0
-2.2821 0.0474 -1.1000 -0.5000 -0.8660 0.0000 -0.8660 0.5000 0.0000 0.0 0.0 0.0 0.0 0.0 0.0
-2.6172 0.2409 -1.1000 -0.4131 -0.7155 0.5633 -0.8660 0.5000 0.0000 0.0 0.0 0.0 0.0 0.0 0.0
-2.9524 0.4344 -1.1000 -0.1827 -0.3164 0.9309 -0.8660 0.5000 0.0000 0.0 0.0 0.0 0.0 0.0 0.0
-3.2875 0.6279 -1.1000 0.1113 0.1927 0.9749 -0.8660 0.5000 0.0000 0.0 0.0 0.0 0.0 0.0 0.0
-3.6227 0.8214 -1.1000 0.3665 0.6348 0.6802 -0.8660 0.5000 0.0000 0.0 0.0 0.0 0.0 0.0 0.0
-3.9578 1.0149 -1.1000 0.4944 0.8564 0.1490 -0.8660 0.5000 0.0000 0.0 0.0 0.0 0.0 0.0 0.0
-4.2930 1.2084 -1.1000 0.4505 0.7803 -0.4339 -0.8660 0.5000 0.0000 0.0 0.0 0.0 0.0 0.0 0.0
-4.6281 1.4019 -1.1000 0.2500 0.4330 -0.8660 -0.8660 0.5000 0.0000 0.0 0.0 0.0 0.0 0.0 0.0
-4.9633 1.5954 -1.1000 -0.0374 -0.0647 -0.9972 -0.8660 0.5000 0.0000 0.0 0.0 0.0 0.0 0.0 0.0
-5.2984 1.7889 -1.1000 -0.3117 -0.5400 -0.7818 -0.8660 0.5000 0.0000 0.0 0.0 0.0 0.0 0.0 0.0
-5.6336 1.9824 -1.1000 -0.4778 -0.8276 -0.2948 -0.8660 0.5000 0.0000 0.0 0.0 0.0 0.0 0.0 0.0
-5.9687 2.1759 -1.1000 -0.4778 -0.8276 0.2948 -0.8660 0.5000 0.0000 0.0 0.0 0.0 0.0 0.0 0.0
-6.3039 2.3694 -1.1000 -0.3117 -0.5400 0.7818 -0.8660 0.5000 0.0000 0.0 0.0 0.0 0.0 0.0 0.0
-6.6390 2.5629 -1.1000 -0.0374 -0.0647 0.9972 -0.8660 0.5000 0.0000 0.0 0.0 0.0 0.0 0.0 0.0
-6.9742 2.7564 -1.1000 0.2500 0.4330 0.8660 -0.8660 0.5000 0.0000 0.0 0.0 0.0 0.0 0.0 0.0
-7.3093 2.9499 -1.1000 0.4505 0.7803 0.4339 -0.8660 0.5000 0.0000 0.0 0.0 0.0 0.0 0.0 0.0
-7.6445 3.1434 -1.1000 0.4944 0.8564 -0.1490 -0.8660 0.5000 0.0000 0.0 0.0 0.0 0.0 0.0 0.0
-7.9796 3.3369 -1.1000 0.3665 0.6348 -0.6802 -0.8660 0.5000 0.0000 0.0 0.0 0.0 0.0 0.0 0.0
-8.3148 3.5304 -1.1000 0.1113 0.1927 -0.9749 -0.8660 0.5000 0.0000 0.0 0.0 0.0 0.0 0.0 0.0
-8.6499 3.7239 -1.1000 -0.1827 -0.3164 -0.9309 -0.8660 0.5000 0.0000 0.0 0.0 0.0 0.0 0.0 0.0
-8.9851 3.9174 -1.1000 -0.4131 -0.7155 -0.5633 -0.8660 0.5000 0.0000 0.0 0.0 0.0 0.0 0.0 0.0
-1.1821 1.9526 1.1000 -0.5000 -0.8660 0.0000 -0.8660 0.5000 0.0000 0.0 0.0 0.0 0.0 0.0 0.0
-1.5172 2.1461 1.1000 -0.4131 -0.7155 0.5633 -0.8660 0.5000 0.0000 0.0 0.0 0.0 0.0 0.0 0.0
-1.8524 2.3396 1.1000 -0.1827 -0.3164 0.9309 -0.8660 0.5000 0.0000 0.0 0.0 0.0 0.0 0.0 0.0
-2.1875 2.5331 1.1000 0.1113 0.1927 0.9749 -0.8660 0.5000 0.0000 0.0 0.0 0.0 0.0 0.0 0.0
-2.5227 2.7266 1.1000 0.3665 0.6348 0.6802 -0.8660 0.5000 0.0000 0.0 0.0 0.0 0.0 0.0 0.0
-2.8578 2.9201 1.1000 0.4944 0.8564 0.1490 -0.8660 0.5000 0.0000 0.0 0.0 0.0 0.0 0.0 0.0
-3.1930 3.1136 1.1000 0.4505 0.7803 -0.4339 -0.8660 0.5000 0.0000 0.0 0.0 0.0 0.0 0.0 0.0
-3.5281 3.3071 1.1000 0.2500 0.4330 -0.8660 -0.8660 0.5000 0.0000 0.0 0.0 0.0 0.0 0.0 0.0
-3.8633 3.5006 1.1000 -0.0374 -0.0647 -0.9972 -0.8660 0.5000 0.0000 0.0 0.0 0.0 0.0 0.0 0.0
-4.1984 3.6941 1.1000 -0.3117 -0.5400 -0.7818 -0.8660 0.5000 0.0000 0.0 0.0 0.0 0.0 0.0 0.0
-4.5336 3.8876 1.1000 -0.4778 -0.8276 -0.2948 -0.8660 0.5000 0.0000 0.0 0.0 0.0 0.0 0.0 0.0
-4.8687 4.0811 1.1000 -0.4778 -0.8276 0.2948 -0.8660 0.5000 0.0000 0.0 0.0 0.0 0.0 0.0 0.0
-5.2039 4.2746 1.1000 -0.3117 -0.5400 0.7818 -0.8660 0.5000 0.0000 0.0 0.0 0.0 0.0 0.0 0.0
-5.5390 4.4681 1.1000 -0.0374 -0.0647 0.9972 -0.8660 0.5000 0.0000 0.0 0.0 0.0 0.0 0.0 0.0
-5.8742 4.6616 1.1000 0.2500 0.4330 0.8660 -0.8660 0.5000 0.0000 0.0 0.0 0.0 0.0 0.0 0.0
-6.2093 4.8551 1.1000 0.4505 0.7803 0.4339 -0.8660 0.5000 0.0000 0.0 0.0 0.0 0.0 0.0 0.0
-6.5445 5.0486 1.1000 0.4944 0.8564 -0.1490 -0.8660 0.5000 0.0000 0.0 0.0 0.0 0.0 0.0 0.0
-6.8796 5.2421 1.1000 0.3665 0.6348 -0.6802 -0.8660 0.5000 0.0000 0.0 0.0 0.0 0.0 0.0 0.0
-7.2148 5.4356 1.1000 0.1113 0.1927 -0.9749 -0.8660 0.5000 0.0000 0.0 0.0 0.0 0.0 0.0 0.0
-7.5499 5.6291 1.1000 -0.1827 -0.3164 -0.9309 -0.8660 0.5000 0.0000 0.0 0.0 0.0 0.0 0.0 0.0
-7.8851 5.8226 1.1000 -0.4131 -0.7155 -0.5633 -0.8660 0.5000 0.0000 0.0 0.0 0.0 0.0 0.0 0.0
-2.2821 0.0474 1.1000 -0.5000 -0.8660 0.0000 -0.8660 0.5000 0.0000 0.0 0.0 0.0 0.0 0.0 0.0
-2.6172 0.2409 1.1000 -0.4131 -0.7155 0.5633 -0.8660 0.5000 0.0000 0.0 0.0 0.0 0.0 0.0 0.0
-2.9524 0.4344 1.1000 -0.1827 -0.3164 0.9309 -0.8660 0.5000 0.0000 0.0 0.0 0.0 0.0 0.0 0.0
-3.2875 0.6279 1.1000 0.1113 0.1927 0.9749 -0.8660 0.5000 0.0000 0.0 0.0 0.0 0.0 0.0 0.0
-3.6227 0.8214 1.1000 0.3665 0.6348 0.6802 -0.8660 0.5000 0.0000 0.0 0.0 0.0 0.0 0.0 0.0
-3.9578 1.0149 1.1000 0.4944 0.8564 0.1490 -0.8660 0.5000 0.0000 0.0 0.0 0.0 0.0 0.0 0.0
-4.2930 1.2084 1.1000 0.4505 0.7803 -0.4339 -0.8660 0.5000 0.0000 0.0 0.0 0.0 0.0 0.0 0.0
-4.6281 1.4019 1.1000 0.2500 0.4330 -0.8660 -0.8660 0.5000 0.0000 0.0 0.0 0.0 0.0 0.0 0.0
-4.9633 1.5954 1.1000 -0.0374 -0.0647 -0.9972 -0.8660 0.5000 0.0000 0.0 0.0 0.0 0.0 0.0 0.0
-5.2984 1.7889 1.1000 -0.3117 -0.5400 -0.7818 -0.8660 0.5000 0.0000 0.0 0.0 0.0 0.0 0.0 0.0
-5.6336 1.9824 1.1000 -0.4778 -0.8276 -0.2948 -0.8660 0.5000 0.0000 0.0 0.0 0.0 0.0 0.0 0.0
-5.9687 2.1759 1.1000 -0.4778 -0.8276 0.2948 -0.8660 0.5000 0.0000 0.0 0.0 0.0 0.0 0.0 0.0
-6.3039 2.3694 1.1000 -0.3117 -0.5400 0.7818 -0.8660 0.5000 0.0000 0.0 0.0 0.0 0.0 0.0 0.0
-6.6390 2.5629 1.1000 -0.0374 -0.0647 0.9972 -0.8660 0.5000 0.0000 0.0 0.0 0.0 0.0 0.0 0.0
-6.9742 2.7564 1.1000 0.2500 0.4330 0.8660 -0.8660 0.5000 0.0000 0.0 0.0 0.0 0.0 0.0 0.0
-7.3093 2.9499 1.1000 0.4505 0.7803 0.4339 -0.8660 0.5000 0.0000 0.0 0.0 0.0 0.0 0.0 0.0
-7.6445 3.1434 1.1000 0.4944 0.8564 -0.1490 -0.8660 0.5000 0.0000 0.0 0.0 0.0 0.0 0.0 0.0
-7.9796 3.3369 1.1000 0.3665 0.6348 -0.6802 -0.8660 0.5000 0.0000 0.0 0.0 0.0 0.0 0.0 0.0
-8.3148 3.5304 1.1000 0.1113 0.1927 -0.9749 -0.8660 0.5000 0.0000 0.0 0.0 0.0 0.0 0.0 0.0
-8.6499 3.7239 1.1000 -0.1827 -0.3164 -0.9309 -0.8660 0.5000 0.0000 0.0 0.0 0.0 0.0 0.0 0.0
-8.9851 3.9174 1.1000 -0.4131 -0.7155 -0.5633 -0.8660 0.5000 0.0000 0.0 0.0 0.0 0.0 0.0 0.0
-1.4639 0.8452 0.0000 0.0000 0.0000 1.0000 -0.8660 0.5000 0.0000 0.0 0.0 0.0 0.0 0.0 0.0
-1.1958 0.6904 0.0000 0.0000 0.0000 1.0000 -0.8660 0.5000 0.0000 0.0 0.0 0.0 0.0 0.0 0.0
-0.9277 0.5356 0.0000 0.0000 0.0000 1.0000 -0.8660 0.5000 0.0000 0.0 0.0 0.0 0.0 0.0 0.0
-0.6596 0.3808 0.0000 0.0000 0.0000 1.0000 -0.8660 0.5000 0.0000 0.0 0.0 0.0 0.0 0.0 0.0
-2.0000 1.1000 -1.1000 -0.0000 -1.0000 0.0000 -1.0000 0.0000 0.0000 0.0 0.0 0.0 0.0 0.0 0.0
-2.3870 1.1000 -1.1000 -0.0000 -0.8262 0.5633 -1.0000 0.0000 0.0000 0.0 0.0 0.0 0.0 0.0 0.0
-2.7740 1.1000 -1.1000 -0.0000 -0.3653 0.9309 -1.0000 0.0000 0.0000 0.0 0.0 0.0 0.0 0.0 0.0
-3.1610 1.1000 -1.1000 0.0000 0.2225 0.9749 -1.0000 0.0000 0.0000 0.0 0.0 0.0 0.0 0.0 0.0
-3.5480 1.1000 -1.1000 0.0000 0.7331 0.6802 -1.0000 0.0000 0.0000 0.0 0.0 0.0 0.0 0.0 0.0
-3.9350 1.1000 -1.1000 0.0000 0.9888 0.1490 -1.0000 0.0000 0.0000 0.0 0.0 0.0 0.0 0.0 0.0
-4.3220 1.1000 -1.1000 0.0000 0.9010 -0.4339 -1.0000 0.0000 0.0000 0.0 0.0 0.0 0.0 0.0 0.0
-4.7090 1.1000 -1.1000 0.0000 0.5000 -0.8660 -1.0000 0.0000 0.0000 0.0 0.0 0.0 0.0 0.0 0.0
-5.0960 1.1000 -1.1000 -0.0000 -0.0747 -0.9972 -1.0000 0.0000 0.0000 0.0 0.0 0.0 0.0 0.0 0.0
-5.4830 1.1000 -1.1000 -0.0000 -0.6235 -0.7818 -1.0000 0.0000 0.0000 0.0 0.0 0.0 0.0 0.0 0.0
-5.8700 1.1000 -1.1000 -0.0000 -0.9556 -0.2948 -1.0000 0.0000 0.0000 0.0 0.0 0.0 0.0 0.0 0.0
-6.2570 1.1000 -1.1000 -0.0000 -0.9556 0.2948 -1.0000 0.0000 0.0000 0.0 0.0 0.0 0.0 0.0 0.0
-6.6440 1.1000 -1.1000 -0.0000 -0.6235 0.7818 -1.0000 0.0000 0.0000 0.0 0.0 0.0 0.0 0.0 0.0
-7.0310 1.1000 -1.1000 -0.0000 -0.0747 0.9972 -1.0000 0.0000 0.0000 0.0 0.0 0.0 0.0 0.0 0.0
-7.4180 1.1000 -1.1000 0.0000 0.5000 0.8660 -1.0000 0.0000 0.0000 0.0 0.0 0.0 0.0 0.0 0.0
-7.8050 1.1000 -1.1000 0.0000 0.9010 0.4339 -1.0000 0.0000 0.0000 0.0 0.0 0.0 0.0 0.0 0.0
-8.1920 1.1000 -1.1000 0.0000 0.9888 -0.1490 -1.0000 0.0000 0.0000 0.0 0.0 0.0 0.0 0.0 0.0
-8.5790 1.1000 -1.1000 0.0000 0.7331 -0.6802 -1.0000 0.0000 0.0000 0.0 0.0 0.0 0.0 0.0 0.0
-8.9660 1.1000 -1.1000 0.0000 0.2225 -0.9749 -1.0000 0.0000 0.0000 0.0 0.0 0.0 0.0 0.0 0.0
-9.3530 1.1000 -1.1000 -0.0000 -0.3653 -0.9309 -1.0000 0.0000 0.0000 0.0 0.0 0.0 0.0 0.0 0.0
-9.7400 1.1000 -1.1000 -0.0000 -0.8262 -0.5633 -1.0000 0.0000 0.0000 0.0 0.0 0.0 0.0 0.0 0.0
-2.0000 -1.1000 -1.1000 -0.0000 -1.0000 0.0000 -1.0000 0.0000 0.0000 0.0 0.0 0.0 0.0 0.0 0.0
-2.3870 -1.1000 -1.1000 -0.0000 -0.8262 0.5633 -1.0000 0.0000 0.0000 0.0 0.0 0.0 0.0 0.0 0.0
-2.7740 -1.1000 -1.1000 -0.0000 -0.3653 0.9309 -1.0000 0.0000 0.0000 0.0 0.0 0.0 0.0 0.0 0.0
-3.1610 -1.1000 -1.1000 0.0000 0.2225 0.9749 -1.0000 0.0000 0.0000 0.0 0.0 0.0 0.0 0.0 0.0
-3.5480 -1.1000 -1.1000 0.0000 0.7331 0.6802 -1.0000 0.0000 0.0000 0.0 0.0 0.0 0.0 0.0 0.0
-3.9350 -1.1000 -1.1000 0.0000 0.9888 0.1490 -1.0000 0.0000 0.0000 0.0 0.0 0.0 0.0 0.0 0.0
-4.3220 -1.1000 -1.1000 0.0000 0.9010 -0.4339 -1.0000 0.0000 0.0000 0.0 0.0 0.0 0.0 0.0 0.0
-4.7090 -1.1000 -1.1000 0.0000 0.5000 -0.8660 -1.0000 0.0000 0.0000 0.0 0.0 0.0 0.0 0.0 0.0
-5.0960 -1.1000 -1.1000 -0.0000 -0.0747 -0.9972 -1.0000 0.0000 0.0000 0.0 0.0 0.0 0.0 0.0 0.0
-5.4830 -1.1000 -1.1000 -0.0000 -0.6235 -0.7818 -1.0000 0.0000 0.0000 0.0 0.0 0.0 0.0 0.0 0.0
-5.8700 -1.1000 -1.1000 -0.0000 -0.9556 -0.2948 -1.0000 0.0000 0.0000 0.0 0.0 0.0 0.0 0.0 0.0
-6.2570 -1.1000 -1.1000 -0.0000 -0.9556 0.2948 -1.0000 0.0000 0.0000 0.0 0.0 0.0 0.0 0.0 0.0
-6.6440 -1.1000 -1.1000 -0.0000 -0.6235 0.7818 -1.0000 0.0000 0.0000 0.0 0.0 0.0 0.0 0.0 0.0
-7.0310 -1.1000 -1.1000 -0.0000 -0.0747 0.9972 -1.0000 0.0000 0.0000 0.0 0.0 0.0 0.0 0.0 0.0
-7.4180 -1.1000 -1.1000 0.0000 0.5000 0.8660 -1.0000 0.0000 0.0000 0.0 0.0 0.0 0.0 0.0 0.0
-7.8050 -1.1000 -1.1000 0.0000 0.9010 0.4339 -1.0000 0.0000 0.0000 0.0 0.0 0.0 0.0 0.0 0.0
-8.1920 -1.1000 -1.1000 0.0000 0.9888 -0.1490 -1.0000 0.0000 0.0000 0.0 0.0 0.0 0.0 0.0 0.0
-8.5790 -1.1000 -1.1000 0.0000 0.7331 -0.6802 -1.0000 0.0000 0.0000 0.0 0.0 0.0 0.0 0.0 0.0
-8.9660 -1.1000 -1.1000 0.0000 0.2225 -0.9749 -1.0000 0.0000 0.0000 0.0 0.0 0.0 0.0 0.0 0.0
-9.3530 -1.1000 -1.1000 -0.0000 -0.3653 -0.9309 -1.0000 0.0000 0.0000 0.0 0.0 0.0 0.0 0.0 0.0
-9.7400 -1.1000 -1.1000 -0.0000 -0.8262 -0.5633 -1.0000 0.0000 0.0000 0.0 0.0 0.0 0.0 0.0 0.0
-2.0000 1.1000 1.1000 -0.0000 -1.0000 0.0000 -1.0000 0.0000 0.0000 0.0 0.0 0.0 0.0 0.0 0.0
-2.3870 1.1000 1.1000 -0.0000 -0.8262 0.5633 -1.0000 0.0000 0.0000 0.0 0.0 0.0 0.0 0.0 0.0
-2.7740 1.1000 1.1000 -0.0000 -0.3653 0.9309 -1.0000 0.0000 0.0000 0.0 0.0 0.0 0.0 0.0 0.0
-3.1610 1.1000 1.1000 0.0000 0.2225 0.9749 -1.0000 0.0000 0.0000 0.0 0.0 0.0 0.0 0.0 0.0
-3.5480 1.1000 1.1000 0.0000 0.7331 0.6802 -1.0000 0.0000 0.0000 0.0 0.0 0.0 0.0 0.0 0.0
-3.9350 1.1000 1.1000 0.0000 0.9888 0.1490 -1.0000 0.0000 0.0000 0.0 0.0 0.0 0.0 0.0 0.0
-4.3220 1.1000 1.1000 0.0000 0.9010 -0.4339 -1.0000 0.0000 0.0000 0.0 0.0 0.0 0.0 0.0 0.0
-4.7090 1.1000 1.1000 0.0000 0.5000 -0.8660 -1.0000 0.0000 0.0000 0.0 0.0 0.0 0.0 0.0 0.0
-5.0960 1.1000 1.1000 -0.0000 -0.0747 -0.9972 -1.0000 0.0000 0.0000 0.0 0.0 0.0 0.0 0.0 0.0
-5.4830 1.1000 1.1000 -0.0000 -0.6235 -0.7818 -1.0000 0.0000 0.0000 0.0 0.0 0.0 0.0 0.0 0.0
-5.8700 1.1000 1.1000 -0.0000 -0.9556 -0.2948 -1.0000 0.0000 0.0000 0.0 0.0 0.0 0.0 0.0 0.0
-6.2570 1.1000 1.1000 -0.0000 -0.9556 0.2948 -1.0000 0.0000 0.0000 0.0 0.0 0.0 0.0 0.0 0.0
-6.6440 1.1000 1.1000 -0.0000 -0.6235 0.7818 -1.0000 0.0000 0.0000 0.0 0.0 0.0 0.0 0.0 0.0
-7.0310 1.1000 1.1000 -0.0000 -0.0747 0.9972 -1.0000 0.0000 0.0000 0.0 0.0 0.0 0.0 0.0 0.0
-7.4180 1.1000 1.1000 0.0000 0.5000 0.8660 -1.0000 0.0000 0.0000 0.0 0.0 0.0 0.0 0.0 0.0
-7.8050 1.1000 1.1000 0.0000 0.9010 0.4339 -1.0000 0.0000 0.0000 0.0 0.0 0.0 0.0 0.0 0.0
-8.1920 1.1000 1.1000 0.0000 0.9888 -0.1490 -1.0000 0.0000 0.0000 0.0 0.0 0.0 0.0 0.0 0.0
-8.5790 1.1000 1.1000 0.0000 0.7331 -0.6802 -1.0000 0.0000 0.0000 0.0 0.0 0.0 0.0 0.0 0.0
-8.9660 1.1000 1.1000 0.0000 0.2225 -0.9749 -1.0000 0.0000 0.0000 0.0 0.0 0.0 0.0 0.0 0.0
-9.3530 1.1000 1.1000 -0.0000 -0.3653 -0.9309 -1.0000 0.0000 0.0000 0.0 0.0 0.0 0.0 0.0 0.0
-9.7400 1.1000 1.1000 -0.0000 -0.8262 -0.5633 -1.0000 0.0000 0.0000 0.0 0.0 0.0 0.0 0.0 0.0
-2.0000 -1.1000 1.1000 -0.0000 -1.0000 0.0000 -1.0000 0.0000 0.0000 0.0 0.0 0.0 0.0 0.0 0.0
-2.3870 -1.1000 1.1000 -0.0000 -0.8262 0.5633 -1.0000 0.0000 0.0000 0.0 0.0 0.0 0.0 0.0 0.0
-2.7740 -1.1000 1.1000 -0.0000 -0.3653 0.9309 -1.0000 0.0000 0.0000 0.0 0.0 0.0 0.0 0.0 0.0
-3.1610 -1.1000 1.1000 0.0000 0.2225 0.9749 -1.0000 0.0000 0.0000 0.0 0.0 0.0 0.0 0.0 0.0
-3.5480 -1.1000 1.1000 0.0000 0.7331 0.6802 -1.0000 0.0000 0.0000 0.0 0.0 0.0 0.0 0.0 0.0
-3.9350 -1.1000 1.1000 0.0000 0.9888 0.1490 -1.0000 0.0000 0.0000 0.0 0.0 0.0 0.0 0.0 0.0
-4.3220 -1.1000 1.1000 0.0000 0.9010 -0.4339 -1.0000 0.0000 0.0000 0.0 0.0 0.0 0.0 0.0 0.0
-4.7090 -1.1000 1.1000 0.0000 0.5000 -0.8660 -1.0000 0.0000 0.0000 0.0 0.0 0.0 0.0 0.0 0.0
-5.0960 -1.1000 1.1000 -0.0000 -0.0747 -0.9972 -1.0000 0.0000 0.0000 0.0 0.0 0.0 0.0 0.0 0.0
-5.4830 -1.1000 1.1000 -0.0000 -0.6235 -0.7818 -1.0000 0.0000 0.0000 0.0 0.0 0.0 0.0 0.0 0.0
-5.8700 -1.1000 1.1000 -0.0000 -0.9556 -0.2948 -1.0000 0.0000 0.0000 0.0 0.0 0.0 0.0 0.0 0.0
-6.2570 -1.1000 1.1000 -0.0000 -0.9556 0.2948 -1.0000 0.0000 0.0000 0.0 0.0 0.0 0.0 0.0 0.0
-6.6440 -1.1000 1.1000 -0.0000 -0.6235 0.7818 -1.0000 0.0000 0.0000 0.0 0.0 0.0 0.0 0.0 0.0
-7.0310 -1.1000 1.1000 -0.0000 -0.0747 0.9972 -1.0000 0.0000 0.0000 0.0 0.0 0.0 0.0 0.0 0.0
-7.4180 -1.1000 1.1000 0.0000 0.5000 0.8660 -1.0000 0.0000 0.0000 0.0 0.0 0.0 0.0 0.0 0.0
-7.8050 -1.1000 1.1000 0.0000 0.9010 0.4339 -1.0000 0.0000 0.0000 0.0 0.0 0.0 0.0 0.0 0.0
-8.1920 -1.1000 1.1000 0.0000 0.9888 -0.1490 -1.0000 0.0000 0.0000 0.0 0.0 0.0 0.0 0.0 0.0
-8.5790 -1.1000 1.1000 0.0000 0.7331 -0.6802 -1.0000 0.0000 0.0000 0.0 0.0 0.0 0.0 0.0 0.0
-8.9660 -1.1000 1.1000 0.0000 0.2225 -0.9749 -1.0000 0.0000 0.0000 0.0 0.0 0.0 0.0 0.0 0.0
-9.3530 -1.1000 1.1000 -0.0000 -0.3653 -0.9309 -1.0000 0.0000 0.0000 0.0 0.0 0.0 0.0 0.0 0.0
-9.7400 -1.1000 1.1000 -0.0000 -0.8262 -0.5633 -1.0000 0.0000 0.0000 0.0 0.0 0.0 0.0 0.0 0.0
-1.6904 0.0000 0.0000 0.0000 0.0000 1.0000 -1.0000 0.0000 0.0000 0.0 0.0 0.0 0.0 0.0 0.0
-1.3808 0.0000 0.0000 0.0000 0.0000 1.0000 -1.0000 0.0000 0.0000 0.0 0.0 0.0 0.0 0.0 0.0
-1.0712 0.0000 0.0000 0.0000 0.0000 1.0000 -1.0000 0.0000 0.0000 0.0 0.0 0.0 0.0 0.0 0.0
-0.7616 0.0000 0.0000 0.0000 0.0000 1.0000 -1.0000 0.0000 0.0000 0.0 0.0 0.0 0.0 0.0 0.0
-2.2821 -0.0474 -1.1000 0.5000 -0.8660 0.0000 -0.8660 -0.5000 0.0000 0.0 0.0 0.0 0.0 0.0 0.0
-2.6172 -0.2409 -1.1000 0.4131 -0.7155 0.5633 -0.8660 -0.5000 0.0000 0.0 0.0 0.0 0.0 0.0 0.0
-2.9524 -0.4344 -1.1000 0.1827 -0.3164 0.9309 -0.8660 -0.5000 0.0000 0.0 0.0 0.0 0.0 0.0 0.0
-3.2875 -0.6279 -1.1000 -0.1113 0.1927 0.9749 -0.8660 -0.5000 0.0000 0.0 0.0 0.0 0.0 0.0 0.0
-3.6227 -0.8214 -1.1000 -0.3665 0.6348 0.6802 -0.8660 -0.5000 0.0000 0.0 0.0 0.0 0.0 0.0 0.0
-3.9578 -1.0149 -1.1000 -0.4944 0.8564 0.1490 -0.8660 -0.5000 0.0000 0.0 0.0 0.0 0.0 0.0 0.0
-4.2930 -1.2084 -1.1000 -0.4505 0.7803 -0.4339 -0.8660 -0.5000 0.0000 0.0 0.0 0.0 0.0 0.0 0.0
-4.6281 -1.4019 -1.1000 -0.2500 0.4330 -0.8660 -0.8660 -0.5000 0.0000 0.0 0.0 0.0 0.0 0.0 0.0
-4.9633 -1.5954 -1.1000 0.0374 -0.0647 -0.9972 -0.8660 -0.5000 0.0000 0.0 0.0 0.0 0.0 0.0 0.0
-5.2984 -1.7889 -1.1000 0.3117 -0.5400 -0.7818 -0.8660 -0.5000 0.0000 0.0 0.0 0.0 0.0 0.0 0.0
-5.6336 -1.9824 -1.1000 0.4778 -0.8276 -0.2948 -0.8660 -0.5000 0.0000 0.0 0.0 0.0 0.0 0.0 0.0
-5.9687 -2.1759 -1.1000 0.4778 -0.8276 0.2948 -0.8660 -0.5000 0.0000 0.0 0.0 0.0 0.0 0.0 0.0
-6.3039 -2.3694 -1.1000 0.3117 -0.5400 0.7818 -0.8660 -0.5000 0.0000 0.0 0.0 0.0 0.0 0.0 0.0
-6.6390 -2.5629 -1.1000 0.0374 -0.0647 0.9972 -0.8660 -0.5000 0.0000 0.0 0.0 0.0 0.0 0.0 0.0
-6.9742 -2.7564 -1.1000 -0.2500 0.4330 0.8660 -0.8660 -0.5000 0.0000 0.0 0.0 0.0 0.0 0.0 0.0
-7.3093 -2.9499 -1.1000 -0.4505 0.7803 0.4339 -0.8660 -0.5000 0.0000 0.0 0.0 0.0 0.0 0.0 0.0
-7.6445 -3.1434 -1.1000 -0.4944 0.8564 -0.1490 -0.8660 -0.5000 0.0000 0.0 0.0 0.0 0.0 0.0 0.0
-7.9796 -3.3369 -1.1000 -0.3665 0.6348 -0.6802 -0.8660 -0.5000 0.0000 0.0 0.0 0.0 0.0 0.0 0.0
-8.3148 -3.5304 -1.1000 -0.1113 0.1927 -0.9749 -0.8660 -0.5000 0.0000 0.0 0.0 0.0 0.0 0.0 0.0
-8.6499 -3.7239 -1.1000 0.1827 -0.3164 -0.9309 -0.8660 -0.5000 0.0000 0.0 0.0 0.0 0.0 0.0 0.0
-8.9851 -3.9174 -1.1000 0.4131 -0.7155 -0.5633 -0.8660 -0.5000 0.0000 0.0 0.0 0.0 0.0 0.0 0.0
-1.1821 -1.9526 -1.1000 0.5000 -0.8660 0.0000 -0.8660 -0.5000 0.0000 0.0 0.0 0.0 0.0 0.0 0.0
-1.5172 -2.1461 -1.1000 0.4131 -0.7155 0.5633 -0.8660 -0.5000 0.0000 0.0 0.0 0.0 0.0 0.0 0.0
-1.8524 -2.3396 -1.1000 0.1827 -0.3164 0.9309 -0.8660 -0.5000 0.0000 0.0 0.0 0.0 0.0 0.0 0.0
-2.1875 -2.5331 -1.1000 -0.1113 0.1927 0.9749 -0.8660 -0.5000 0.0000 0.0 0.0 0.0 0.0 0.0 0.0
-2.5227 -2.7266 -1.1000 -0.3665 0.6348 0.6802 -0.8660 -0.5000 0.0000 0.0 0.0 0.0 0.0 0.0 0.0
-2.8578 -2.9201 -1.1000 -0.4944 0.8564 0.1490 -0.8660 -0.5000 0.0000 0.0 0.0 0.0 0.0 0.0 0.0
-3.1930 -3.1136 -1.1000 -0.4505 0.7803 -0.4339 -0.8660 -0.5000 0.0000 0.0 0.0 0.0 0.0 0.0 0.0
-3.5281 -3.3071 -1.1000 -0.2500 0.4330 -0.8660 -0.8660 -0.5000 0.0000 0.0 0.0 0.0 0.0 0.0 0.0
-3.8633 -3.5006 -1.1000 0.0374 -0.0647 -0.9972 -0.8660 -0.5000 0.0000 0.0 0.0 0.0 0.0 0.0 0.0
-4.1984 -3.6941 -1.1000 0.3117 -0.5400 -0.7818 -0.8660 -0.5000 0.0000 0.0 0.0 0.0 0.0 0.0 0.0
-4.5336 -3.8876 -1.1000 0.4778 -0.8276 -0.2948 -0.8660 -0.5000 0.0000 0.0 0.0 0.0 0.0 0.0 0.0
-4.8687 -4.0811 -1.1000 0.4778 -0.8276 0.2948 -0.8660 -0.5000 0.0000 0.0 0.0 0.0 0.0 0.0 0.0
-5.2039 -4.2746 -1.1000 0.3117 -0.5400 0.7818 -0.8660 -0.5000 0.0000 0.0 0.0 0.0 0.0 0.0 0.0
-5.5390 -4.4681 -1.1000 0.0374 -0.0647 0.9972 -0.8660 -0.5000 0.0000 0.0 0.0 0.0 0.0 0.0 0.0
-5.8742 -4.6616 -1.1000 -0.2500 0.4330 0.8660 -0.8660 -0.5000 0.0000 0.0 0.0 0.0 0.0 0.0 0.0
-6.2093 -4.8551 -1.1000 -0.4505 0.7803 0.4339 -0.8660 -0.5000 0.0000 0.0 0.0 0.0 0.0 0.0 0.0
-6.5445 -5.0486 -1.1000 -0.4944 0.8564 -0.1490 -0.8660 -0.5000 0.0000 0.0 0.0 0.0 0.0 0.0 0.0
-6.8796 -5.2421 -1.1000 -0.3665 0.6348 -0.6802 -0.8660 -0.5000 0.0000 0.0 0.0 0.0 0.0 0.0 0.0
-7.2148 -5.4356 -1.1000 -0.1113 0.1927 -0.9749 -0.8660 -0.5000 0.0000 0.0 0.0 0.0 0.0 0.0 0.0
-7.5499 -5.6291 -1.1000 0.1827 -0.3164 -0.9309 -0.8660 -0.5000 0.0000 0.0 0.0 0.0 0.0 0.0 0.0
-7.8851 -5.8226 -1.1000 0.4131 -0.7155 -0.5633 -0.8660 -0.5000 0.0000 0.0 0.0 0.0 0.0 0.0 0.0
-2.2821 -0.0474 1.1000 0.5000 -0.8660 0.0000 -0.8660 -0.5000 0.0000 0.0 0.0 0.0 0.0 0.0 0.0
-2.6172 -0.2409 1.1000 0.4131 -0.7155 0.5633 -0.8660 -0.5000 0.0000 0.0 0.0 0.0 0.0 0.0 0.0
-2.9524 -0.4344 1.1000 0.1827 -0.3164 0.9309 -0.8660 -0.5000 0.0000 0.0 0.0 0.0 0.0 0.0 0.0
-3.2875 -0.6279 1.1000 -0.1113 0.1927 0.9749 -0.8660 -0.5000 0.0000 0.0 0.0 0.0 0.0 0.0 0.0
-3.6227 -0.8214 1.1000 -0.3665 0.6348 0.6802 -0.8660 -0.5000 0.0000 0.0 0.0 0.0 0.0 0.0 0.0
-3.9578 -1.0149 1.1000 -0.4944 0.8564 0.1490 -0.8660 -0.5000 0.0000 0.0 0.0 0.0 0.0 0.0 0.0
-4.2930 -1.2084 1.1000 -0.4505 0.7803 -0.4339 -0.8660 -0.5000 0.0000 0.0 0.0 0.0 0.0 0.0 0.0
-4.6281 -1.4019 1.1000 -0.2500 0.4330 -0.8660 -0.8660 -0.5000 0.0000 0.0 0.0 0.0 0.0 0.0 0.0
-4.9633 -1.5954 1.1000 0.0374 -0.0647 -0.9972 -0.8660 -0.5000 0.0000 0.0 0.0 0.0 0.0 0.0 0.0
-5.2984 -1.7889 1.1000 0.3117 -0.5400 -0.7818 -0.8660 -0.5000 0.0000 0.0 0.0 0.0 0.0 0.0 0.0
-5.6336 -1.9824 1.1000 0.4778 -0.8276 -0.2948 -0.8660 -0.5000 0.0000 0.0 0.0 0.0 0.0 0.0 0.0
-5.9687 -2.1759 1.1000 0.4778 -0.8276 0.2948 -0.8660 -0.5000 0.0000 0.0 0.0 0.0 0.0 0.0 0.0
-6.3039 -2.3694 1.1000 0.3117 -0.5400 0.7818 -0.8660 -0.5000 0.0000 0.0 0.0 0.0 0.0 0.0 0.0
-6.6390 -2.5629 1.1000 0.0374 -0.0647 0.9972 -0.8660 -0.5000 0.0000 0.0 0.0 0.0 0.0 0.0 0.0
-6.9742 -2.7564 1.1000 -0.2500 0.4330 0.8660 -0.8660 -0.5000 0.0000 0.0 0.0 0.0 0.0 0.0 0.0
-7.3093 -2.9499 1.1000 -0.4505 0.7803 0.4339 -0.8660 -0.5000 0.0000 0.0 0.0 0.0 0.0 0.0 0.0
-7.6445 -3.1434 1.1000 -0.4944 0.8564 -0.1490 -0.8660 -0.5000 0.0000 0.0 0.0 0.0 0.0 0.0 0.0
-7.9796 -3.3369 1.1000 -0.3665 0.6348 -0.6802 -0.8660 -0.5000 0.0000 0.0 0.0 0.0 0.0 0.0 0.0
-8.3148 -3.5304 1.1000 -0.1113 0.1927 -0.9749 -0.8660 -0.5000 0.0000 0.0 0.0 0.0 0.0 0.0 0.0
-8.6499 -3.7239 1.1000 0.1827 -0.3164 -0.9309 -0.8660 -0.5000 0.0000 0.0 0.0 0.0 0.0 0.0 0.0
-8.9851 -3.9174 1.1000 0.4131 -0.7155 -0.5633 -0.8660 -0.5000 0.0000 0.0 0.0 0.0 0.0 0.0 0.0
-1.1821 -1.9526 1.1000 0.5000 -0.8660 0.0000 -0.8660 -0.5000 0.0000 0.0 0.0 0.0 0.0 0.0 0.0
-1.5172 -2.1461 1.1000 0.4131 -0.7155 0.5633 -0.8660 -0.5000 0.0000 0.0 0.0 0.0 0.0 0.0 0.0
-1.8524 -2.3396 1.1000 0.1827 -0.3164 0.9309 -0.8660 -0.5000 0.0000 0.0 0.0 0.0 0.0 0.0 0.0
-2.1875 -2.5331 1.1000 -0.1113 0.1927 0.9749 -0.8660 -0.5000 0.0000 0.0 0.0 0.0 0.0 0.0 0.0
-2.5227 -2.7266 1.1000 -0.3665 0.6348 0.6802 -0.8660 -0.5000 0.0000 0.0 0.0 0.0 0.0 0.0 0.0
-2.8578 -2.9201 1.1000 -0.4944 0.8564 0.1490 -0.8660 -0.5000 0.0000 0.0 0.0 0.0 0.0 0.0 0.0
-3.1930 -3.1136 1.1000 -0.4505 0.7803 -0.4339 -0.8660 -0.5000 0.0000 0.0 0.0 0.0 0.0 0.0 0.0
-3.5281 -3.3071 1.1000 -0.2500 0.4330 -0.8660 -0.8660 -0.5000 0.0000 0.0 0.0 0.0 0.0 0.0 0.0
-3.8633 -3.5006 1.1000 0.0374 -0.0647 -0.9972 -0.8660 -0.5000 0.0000 0.0 0.0 0.0 0.0 0.0 0.0
-4.1984 -3.6941 1.1000 0.3117 -0.5400 -0.7818 -0.8660 -0.5000 0.0000 0.0 0.0 0.0 0.0 0.0 0.0
-4.5336 -3.8876 1.1000 0.4778 -0.8276 -0.2948 -0.8660 -0.5000 0.0000 0.0 0.0 0.0 0.0 0.0 0.0
-4.8687 -4.0811 1.1000 0.4778 -0.8276 0.2948 -0.8660 -0.5000 0.0000 0.0 0.0 0.0 0.0 0.0 0.0
-5.2039 -4.2746 1.1000 0.3117 -0.5400 0.7818 -0.8660 -0.5000 0.0000 0.0 0.0 0.0 0.0 0.0 0.0
-5.5390 -4.4681 1.1000 0.0374 -0.0647 0.9972 -0.8660 -0.5000 0.0000 0.0 0.0 0.0 0.0 0.0 0.0
-5.8742 -4.6616 1.1000 -0.2500 0.4330 0.8660 -0.8660 -0.5000 0.0000 0.0 0.0 0.0 0.0 0.0 0.0
-6.2093 -4.8551 1.1000 -0.4505 0.7803 0.4339 -0.8660 -0.5000 0.0000 0.0 0.0 0.0 0.0 0.0 0.0
-6.5445 -5.0486 1.1000 -0.4944 0.8564 -0.1490 -0.8660 -0.5000 0.0000 0.0 0.0 0.0 0.0 0.0 0.0
-6.8796 -5.2421 1.1000 -0.3665 0.6348 -0.6802 -0.8660 -0.5000 0.0000 0.0 0.0 0.0 0.0 0.0 0.0
-7.2148 -5.4356 1.1000 -0.1113 0.1927 -0.9749 -0.8660 -0.5000 0.0000 0.0 0.0 0.0 0.0 0.0 0.0
-7.5499 -5.6291 1.1000 0.1827 -0.3164 -0.9309 -0.8660 -0.5000 0.0000 0.0 0.0 0.0 0.0 0.0 0.0
-7.8851 -5.8226 1.1000 0.4131 -0.7155 -0.5633 -0.8660 -0.5000 0.0000 0.0 0.0 0.0 0.0 0.0 0.0
-1.4639 -0.8452 0.0000 0.0000 0.0000 1.0000 -0.8660 -0.5000 0.0000 0.0 0.0 0.0 0.0 0.0 0.0
-1.1958 -0.6904 0.0000 0.0000 0.0000 1.0000 -0.8660 -0.5000 0.0000 0.0 0.0 0.0 0.0 0.0 0.0
-0.9277 -0.5356 0.0000 0.0000 0.0000 1.0000 -0.8660 -0.5000 0.0000 0.0 0.0 0.0 0.0 0.0 0.0
-0.6596 -0.3808 0.0000 0.0000 0.0000 1.0000 -0.8660 -0.5000 0.0000 0.0 0.0 0.0 0.0 0.0 0.0
-1.9526 -1.1821 -1.1000 0.8660 -0.5000 0.0000 -0.5000 -0.8660 0.0000 0.0 0.0 0.0 0.0 0.0 0.0
-2.1461 -1.5172 -1.1000 0.7155 -0.4131 0.5633 -0.5000 -0.8660 0.0000 0.0 0.0 0.0 0.0 0.0 0.0
-2.3396 -1.8524 -1.1000 0.3164 -0.1827 0.9309 -0.5000 -0.8660 0.0000 0.0 0.0 0.0 0.0 0.0 0.0
-2.5331 -2.1875 -1.1000 -0.1927 0.1113 0.9749 -0.5000 -0.8660 0.0000 0.0 0.0 0.0 0.0 0.0 0.0
-2.7266 -2.5227 -1.1000 -0.6348 0.3665 0.6802 -0.5000 -0.8660 0.0000 0.0 0.0 0.0 0.0 0.0 0.0
-2.9201 -2.8578 -1.1000 -0.8564 0.4944 0.1490 -0.5000 -0.8660 0.0000 0.0 0.0 0.0 0.0 0.0 0.0
-3.1136 -3.1930 -1.1000 -0.7803 0.4505 -0.4339 -0.5000 -0.8660 0.0000 0.0 0.0 0.0 0.0 0.0 0.0
-3.3071 -3.5281 -1.1000 -0.4330 0.2500 -0.8660 -0.5000 -0.8660 0.0000 0.0 0.0 0.0 0.0 0.0 0.0
-3.5006 -3.8633 -1.1000 0.0647 -0.0374 -0.9972 -0.5000 -0.8660 0.0000 0.0 0.0 0.0 0.0 0.0 0.0
-3.6941 -4.1984 -1.1000 0.5400 -0.3117 -0.7818 -0.5000 -0.8660 0.0000 0.0 0.0 0.0 0.0 0.0 0.0
-3.8876 -4.5336 -1.1000 0.8276 -0.4778 -0.2948 -0.5000 -0.8660 0.0000 0.0 0.0 0.0 0.0 0.0 0.0
-4.0811 -4.8687 -1.1000 0.8276 -0.4778 0.2948 -0.5000 -0.8660 0.0000 0.0 0.0 0.0 0.0 0.0 0.0
-4.2746 -5.2039 -1.1000 0.5400 -0.3117 0.7818 -0.5000 -0.8660 0.0000 0.0 0.0 0.0 0.0 0.0 0.0
-4.4681 -5.5390 -1.1000 0.0647 -0.0374 0.9972 -0.5000 -0.8660 0.0000 0.0 0.0 0.0 0.0 0.0 0.0
-4.6616 -5.8742 -1.1000 -0.4330 0.2500 0.8660 -0.5000 -0.8660 0.0000 0.0 0.0 0.0 0.0 0.0 0.0
-4.8551 -6.2093 -1.1000 -0.7803 0.4505 0.4339 -0.5000 -0.8660 0.0000 0.0 0.0 0.0 0.0 0.0 0.0
-5.0486 -6.5445 -1.1000 -0.8564 0.4944 -0.1490 -0.5000 -0.8660 0.0000 0.0 0.0 0.0 0.0 0.0 0.0
-5.2421 -6.8796 -1.1000 -0.6348 0.3665 -0.6802 -0.5000 -0.8660 0.0000 0.0 0.0 0.0 0.0 0.0 0.0
-5.4356 -7.2148 -1.1000 -0.1927 0.1113 -0.9749 -0.5000 -0.8660 0.0000 0.0 0.0 0.0 0.0 0.0 0.0
-5.6291 -7.5499 -1.1000 0.3164 -0.1827 -0.9309 -0.5000 -0.8660 0.0000 0.0 0.0 0.0 0.0 0.0 0.0
-5.8226 -7.8851 -1.1000 0.7155 -0.4131 -0.5633 -0.5000 -0.8660 0.0000 0.0 0.0 0.0 0.0 0.0 0.0
-0.0474 -2.2821 -1.1000 0.8660 -0.5000 0.0000 -0.5000 -0.8660 0.0000 0.0 0.0 0.0 0.0 0.0 0.0
-0.2409 -2.6172 -1.1000 0.7155 -0.4131 0.5633 -0.5000 -0.8660 0.0000 0.0 0.0 0.0 0.0 0.0 0.0
-0.4344 -2.9524 -1.1000 0.3164 -0.1827 0.9309 -0.5000 -0.8660 0.0000 0.0 0.0 0.0 0.0 0.0 0.0
-0.6279 -3.2875 -1.1000 -0.1927 0.1113 0.9749 -0.5000 -0.8660 0.0000 0.0 0.0 0.0 0.0 0.0 0.0
-0.8214 -3.6227 -1.1000 -0.6348 0.3665 0.6802 -0.5000 -0.8660 0.0000 0.0 0.0 0.0 0.0 0.0 0.0
-1.0149 -3.9578 -1.1000 -0.8564 0.4944 0.1490 -0.5000 -0.8660 0.0000 0.0 0.0 0.0 0.0 0.0 0.0
-1.2084 -4.2930 -1.1000 -0.7803 0.4505 -0.4339 -0.5000 -0.8660 0.0000 0.0 0.0 0.0 0.0 0.0 0.0
-1.4019 -4.6281 -1.1000 -0.4330 0.2500 -0.8660 -0.5000 -0.8660 0.0000 0.0 0.0 0.0 0.0 0.0 0.0
-1.5954 -4.9633 -1.1000 0.0647 -0.0374 -0.9972 -0.5000 -0.8660 0.0000 0.0 0.0 0.0 0.0 0.0 0.0
-1.7889 -5.2984 -1.1000 0.5400 -0.3117 -0.7818 -0.5000 -0.8660 0.0000 0.0 0.0 0.0 0.0 0.0 0.0
-1.9824 -5.6336 -1.1000 0.8276 -0.4778 -0.2948 -0.5000 -0.8660 0.0000 0.0 0.0 0.0 0.0 0.0 0.0
-2.1759 -5.9687 -1.1000 0.8276 -0.4778 0.2948 -0.5000 -0.8660 0.0000 0.0 0.0 0.0 0.0 0.0 0.0
-2.3694 -6.3039 -1.1000 0.5400 -0.3117 0.7818 -0.5000 -0.8660 0.0000 0.0 0.0 0.0 0.0 0.0 0.0
-2.5629 -6.6390 -1.1000 0.0647 -0.0374 0.9972 -0.5000 -0.8660 0.0000 0.0 0.0 0.0 0.0 0.0 0.0
-2.7564 -6.9742 -1.1000 -0.4330 0.2500 0.8660 -0.5000 -0.8660 0.0000 0.0 0.0 0.0 0.0 0.0 0.0
-2.9499 -7.3093 -1.1000 -0.7803 0.4505 0.4339 -0.5000 -0.8660 0.0000 0.0 0.0 0.0 0.0 0.0 0.0
-3.1434 -7.6445 -1.1000 -0.8564 0.4944 -0.1490 -0.5000 -0.8660 0.0000 0.0 0.0 0.0 0.0 0.0 0.0
-3.3369 -7.9796 -1.1000 -0.6348 0.3665 -0.6802 -0.5000 -0.8660 0.0000 0.0 0.0 0.0 0.0 0.0 0.0
-3.5304 -8.3148 -1.1000 -0.1927 0.1113 -0.9749 -0.5000 -0.8660 0.0000 0.0 0.0 0.0 0.0 0.0 0.0
-3.7239 -8.6499 -1.1000 0.3164 -0.1827 -0.9309 -0.5000 -0.8660 0.0000 0.0 0.0 0.0 0.0 0.0 0.0
-3.9174 -8.9851 -1.1000 0.7155 -0.4131 -0.5633 -0.5000 -0.8660 0.0000 0.0 0.0 0.0 0.0 0.0 0.0
-1.9526 -1.1821 1.1000 0.8660 -0.5000 0.0000 -0.5000 -0.8660 0.0000 0.0 0.0 0.0 0.0 0.0 0.0
-2.1461 -1.5172 1.1000 0.7155 -0.4131 0.5633 -0.5000 -0.8660 0.0000 0.0 0.0 0.0 0.0 0.0 0.0
-2.3396 -1.8524 1.1000 0.3164 -0.1827 0.9309 -0.5000 -0.8660 0.0000 0.0 0.0 0.0 0.0 0.0 0.0
-2.5331 -2.1875 1.1000 -0.1927 0.1113 0.9749 -0.5000 -0.8660 0.0000 0.0 0.0 0.0 0.0 0.0 0.0
-2.7266 -2.5227 1.1000 -0.6348 0.3665 0.6802 -0.5000 -0.8660 0.0000 0.0 0.0 0.0 0.0 0.0 0.0
-2.9201 -2.8578 1.1000 -0.8564 0.4944 0.1490 -0.5000 -0.8660 0.0000 0.0 0.0 0.0 0.0 0.0 0.0
-3.1136 -3.1930 1.1000 -0.7803 0.4505 -0.4339 -0.5000 -0.8660 0.0000 0.0 0.0 0.0 0.0 0.0 0.0
-3.3071 -3.5281 1.1000 -0.4330 0.2500 -0.8660 -0.5000 -0.8660 0.0000 0.0 0.0 0.0 0.0 0.0 0.0
-3.5006 -3.8633 1.1000 0.0647 -0.0374 -0.9972 -0.5000 -0.8660 0.0000 0.0 0.0 0.0 0.0 0.0 0.0
-3.6941 -4.1984 1.1000 0.5400 -0.3117 -0.7818 -0.5000 -0.8660 0.0000 0.0 0.0 0.0 0.0 0.0 0.0
-3.8876 -4.5336 1.1000 0.8276 -0.4778 -0.2948 -0.5000 -0.8660 0.0000 0.0 0.0 0.0 0.0 0.0 0.0
-4.0811 -4.8687 1.1000 0.8276 -0.4778 0.2948 -0.5000 -0.8660 0.0000 0.0 0.0 0.0 0.0 0.0 0.0
-4.2746 -5.2039 1.1000 0.5400 -0.3117 0.7818 -0.5000 -0.8660 0.0000 0.0 0.0 0.0 0.0 0.0 0.0
-4.4681 -5.5390 1.1000 0.0647 -0.0374 0.9972 -0.5000 -0.8660 0.0000 0.0 0.0 0.0 0.0 0.0 0.0
-4.6616 -5.8742 1.1000 -0.4330 0.2500 0.8660 -0.5000 -0.8660 0.0000 0.0 0.0 0.0 0.0 0.0 0.0
-4.8551 -6.2093 1.1000 -0.7803 0.4505 0.4339 -0.5000 -0.8660 0.0000 0.0 0.0 0.0 0.0 0.0 0.0
-5.0486 -6.5445 1.1000 -0.8564 0.4944 -0.1490 -0.5000 -0.8660 0.0000 0.0 0.0 0.0 0.0 0.0 0.0
-5.2421 -6.8796 1.1000 -0.6348 0.3665 -0.6802 -0.5000 -0.8660 0.0000 0.0 0.0 0.0 0.0 0.0 0.0
-5.4356 -7.2148 1.1000 -0.1927 0.1113 -0.9749 -0.5000 -0.8660 0.0000 0.0 0.0 0.0 0.0 0.0 0.0
-5.6291 -7.5499 1.1000 0.3164 -0.1827 -0.9309 -0.5000 -0.8660 0.0000 0.0 0.0 0.0 0.0 0.0 0.0
-5.8226 -7.8851 1.1000 0.7155 -0.4131 -0.5633 -0.5000 -0.8660 0.0000 0.0 0.0 0.0 0.0 0.0 0.0
-0.0474 -2.2821 1.1000 0.8660 -0.5000 0.0000 -0.5000 -0.8660 0.0000 0.0 0.0 0.0 0.0 0.0 0.0
-0.2409 -2.6172 1.1000 0.7155 -0.4131 0.5633 -0.5000 -0.8660 0.0000 0.0 0.0 0.0 0.0 0.0 0.0
-0.4344 -2.9524 1.1000 0.3164 -0.1827 0.9309 -0.5000 -0.8660 0.0000 0.0 0.0 0.0 0.0 0.0 0.0
-0.6279 -3.2875 1.1000 -0.1927 0.1113 0.9749 -0.5000 -0.8660 0.0000 0.0 0.0 0.0 0.0 0.0 0.0
-0.8214 -3.6227 1.1000 -0.6348 0.3665 0.6802 -0.5000 -0.8660 0.0000 0.0 0.0 0.0 0.0 0.0 0.0
-1.0149 -3.9578 1.1000 -0.8564 0.4944 0.1490 -0.5000 -0.8660 0.0000 0.0 0.0 0.0 0.0 0.0 0.0
-1.2084 -4.2930 1.1000 -0.7803 0.4505 -0.4339 -0.5000 -0.8660 0.0000 0.0 0.0 0.0 0.0 0.0 0.0
-1.4019 -4.6281 1.1000 -0.4330 0.2500 -0.8660 -0.5000 -0.8660 0.0000 0.0 0.0 0.0 0.0 0.0 0.0
-1.5954 -4.9633 1.1000 0.0647 -0.0374 -0.9972 -0.5000 -0.8660 0.0000 0.0 0.0 0.0 0.0 0.0 0.0
-1.7889 -5.2984 1.1000 0.5400 -0.3117 -0.7818 -0.5000 -0.8660 0.0000 0.0 0.0 0.0 0.0 0.0 0.0
-1.9824 -5.6336 1.1000 0.8276 -0.4778 -0.2948 -0.5000 -0.8660 0.0000 0.0 0.0 0.0 0.0 0.0 0.0
-2.1759 -5.9687 1.1000 0.8276 -0.4778 0.2948 -0.5000 -0.8660 0.0000 0.0 0.0 0.0 0.0 0.0 0.0
-2.3694 -6.3039 1.1000 0.5400 -0.3117 0.7818 -0.5000 -0.8660 0.0000 0.0 0.0 0.0 0.0 0.0 0.0
-2.5629 -6.6390 1.1000 0.0647 -0.0374 0.9972 -0.5000 -0.8660 0.0000 0.0 0.0 0.0 0.0 0.0 0.0
-2.7564 -6.9742 1.1000 -0.4330 0.2500 0.8660 -0.5000 -0.8660 0.0000 0.0 0.0 0.0 0.0 0.0 0.0
-2.9499 -7.3093 1.1000 -0.7803 0.4505 0.4339 -0.5000 -0.8660 0.0000 0.0 0.0 0.0 0.0 0.0 0.0
-3.1434 -7.6445 1.1000 -0.8564 0.4944 -0.1490 -0.5000 -0.8660 0.0000 0.0 0.0 0.0 0.0 0.0 0.0
-3.3369 -7.9796 1.1000 -0.6348 0.3665 -0.6802 -0.5000 -0.8660 0.0000 0.0 0.0 0.0 0.0 0.0 0.0
-3.5304 -8.3148 1.1000 -0.1927 0.1113 -0.9749 -0.5000 -0.8660 0.0000 0.0 0.0 0.0 0.0 0.0 0.0
-3.7239 -8.6499 1.1000 0.3164 -0.1827 -0.9309 -0.5000 -0.8660 0.0000 0.0 0.0 0.0 0.0 0.0 0.0
-3.9174 -8.9851 1.1000 0.7155 -0.4131 -0.5633 -0.5000 -0.8660 0.0000 0.0 0.0 0.0 0.0 0.0 0.0
-0.8452 -1.4639 0.0000 0.0000 0.0000 1.0000 -0.5000 -0.8660 0.0000 0.0 0.0 0.0 0.0 0.0 0.0
-0.6904 -1.1958 0.0000 0.0000 0.0000 1.0000 -0.5000 -0.8660 0.0000 0.0 0.0 0.0 0.0 0.0 0.0
-0.5356 -0.9277 0.0000 0.0000 0.0000 1.0000 -0.5000 -0.8660 0.0000 0.0 0.0 0.0 0.0 0.0 0.0
-0.3808 -0.6596 0.0000 0.0000 0.0000 1.0000 -0.5000 -0.8660 0.0000 0.0 0.0 0.0 0.0 0.0 0.0
-1.1000 -2.0000 -1.1000 1.0000 -0.0000 0.0000 -0.0000 -1.0000 0.0000 0.0 0.0 0.0 0.0 0.0 0.0
-1.1000 -2.3870 -1.1000 0.8262 -0.0000 0.5633 -0.0000 -1.0000 0.0000 0.0 0.0 0.0 0.0 0.0 0.0
-1.1000 -2.7740 -1.1000 0.3653 -0.0000 0.9309 -0.0000 -1.0000 0.0000 0.0 0.0 0.0 0.0 0.0 0.0
-1.1000 -3.1610 -1.1000 -0.2225 0.0000 0.9749 -0.0000 -1.0000 0.0000 0.0 0.0 0.0 0.0 0.0 0.0
-1.1000 -3.5480 -1.1000 -0.7331 0.0000 0.6802 -0.0000 -1.0000 0.0000 0.0 0.0 0.0 0.0 0.0 0.0
-1.1000 -3.9350 -1.1000 -0.9888 0.0000 0.1490 -0.0000 -1.0000 0.0000 0.0 0.0 0.0 0.0 0.0 0.0
-1.1000 -4.3220 -1.1000 -0.9010 0.0000 -0.4339 -0.0000 -1.0000 0.0000 0.0 0.0 0.0 0.0 0.0 0.0
-1.1000 -4.7090 -1.1000 -0.5000 0.0000 -0.8660 -0.0000 -1.0000 0.0000 0.0 0.0 0.0 0.0 0.0 0.0
-1.1000 -5.0960 -1.1000 0.0747 -0.0000 -0.9972 -0.0000 -1.0000 0.0000 0.0 0.0 0.0 0.0 0.0 0.0
-1.1000 -5.4830 -1.1000 0.6235 -0.0000 -0.7818 -0.0000 -1.0000 0.0000 0.0 0.0 0.0 0.0 0.0 0.0
-1.1000 -5.8700 -1.1000 0.9556 -0.0000 -0.2948 -0.0000 -1.0000 0.0000 0.0 0.0 0.0 0.0 0.0 0.0
-1.1000 -6.2570 -1.1000 0.9556 -0.0000 0.2948 -0.0000 -1.0000 0.0000 0.0 0.0 0.0 0.0 0.0 0.0
-1.1000 -6.6440 -1.1000 0.6235 -0.0000 0.7818 -0.0000 -1.0000 0.0000 0.0 0.0 0.0 0.0 0.0 0.0
-1.1000 -7.0310 -1.1000 0.0747 -0.0000 0.9972 -0.0000 -1.0000 0.0000 0.0 0.0 0.0 0.0 0.0 0.0
-1.1000 -7.4180 -1.1000 -0.5000 0.0000 0.8660 -0.0000 -1.0000 0.0000 0.0 0.0 0.0 0.0 0.0 0.0
-1.1000 -7.8050 -1.1000 -0.9010 0.0000 0.4339 -0.0000 -1.0000 0.0000 0.0 0.0 0.0 0.0 0.0 0.0
-1.1000 -8.1920 -1.1000 -0.9888 0.0000 -0.1490 -0.0000 -1.0000 0.0000 0.0 0.0 0.0 0.0 0.0 0.0
-1.1000 -8.5790 -1.1000 -0.7331 0.0000 -0.6802 -0.0000 -1.0000 0.0000 0.0 0.0 0.0 0.0 0.0 0.0
-1.1000 -8.9660 -1.1000 -0.2225 0.0000 -0.9749 -0.0000 -1.0000 0.0000 0.0 0.0 0.0 0.0 0.0 0.0
-1.1000 -9.3530 -1.1000 0.3653 -0.0000 -0.9309 -0.0000 -1.0000 0.0000 0.0 0.0 0.0 0.0 0.0 0.0
-1.1000 -9.7400 -1.1000 0.8262 -0.0000 -0.5633 -0.0000 -1.0000 0.0000 0.0 0.0 0.0 0.0 0.0 0.0
1.1000 -2.0000 -1.1000 1.0000 -0.0000 0.0000 -0.0000 -1.0000 0.0000 0.0 0.0 0.0 0.0 0.0 0.0
1.1000 -2.3870 -1.1000 0.8262 -0.0000 0.5633 -0.0000 -1.0000 0.0000 0.0 0.0 0.0 0.0 0.0 0.0
1.1000 -2.7740 -1.1000 0.3653 -0.0000 0.9309 -0.0000 -1.0000 0.0000 0.0 0.0 0.0 0.0 0.0 0.0
1.1000 -3.1610 -1.1000 -0.2225 0.0000 0.9749 -0.0000 -1.0000 0.0000 0.0 0.0 0.0 0.0 0.0 0.0
1.1000 -3.5480 -1.1000 -0.7331 0.0000 0.6802 -0.0000 -1.0000 0.0000 0.0 0.0 0.0 0.0 0.0 0.0
1.1000 -3.9350 -1.1000 -0.9888 0.0000 0.1490 -0.0000 -1.0000 0.0000 0.0 0.0 0.0 0.0 0.0 0.0
1.1000 -4.3220 -1.1000 -0.9010 0.0000 -0.4339 -0.0000 -1.0000 0.0000 0.0 0.0 0.0 0.0 0.0 0.0
1.1000 -4.7090 -1.1000 -0.5000 0.0000 -0.8660 -0.0000 -1.0000 0.0000 0.0 0.0 0.0 0.0 0.0 0.0
1.1000 -5.0960 -1.1000 0.0747 -0.0000 -0.9972 -0.0000 -1.0000 0.0000 0.0 0.0 0.0 0.0 0.0 0.0
1.1000 -5.4830 -1.1000 0.6235 -0.0000 -0.7818 -0.0000 -1.0000 0.0000 0.0 0.0 0.0 0.0 0.0 0.0
1.1000 -5.8700 -1.1000 0.9556 -0.0000 -0.2948 -0.0000 -1.0000 0.0000 0.0 0.0 0.0 0.0 0.0 0.0
1.1000 -6.2570 -1.1000 0.9556 -0.0000 0.2948 -0.0000 -1.0000 0.0000 0.0 0.0 0.0 0.0 0.0 0.0
1.1000 -6.6440 -1.1000 0.6235 -0.0000 0.7818 -0.0000 -1.0000 0.0000 0.0 0.0 0.0 0.0 0.0 0.0
1.1000 -7.0310 -1.1000 0.0747 -0.0000 0.9972 -0.0000 -1.0000 0.0000 0.0 0.0 0.0 0.0 0.0 0.0
1.1000 -7.4180 -1.1000 -0.5000 0.0000 0.8660 -0.0000 -1.0000 0.0000 0.0 0.0 0.0 0.0 0.0 0.0
1.1000 -7.8050 -1.1000 -0.9010 0.0000 0.4339 -0.0000 -1.0000 0.0000 0.0 0.0 0.0 0.0 0.0 0.0
1.1000 -8.1920 -1.1000 -0.9888 0.0000 -0.1490 -0.0000 -1.0000 0.0000 0.0 0.0 0.0 0.0 0.0 0.0
1.1000 -8.5790 -1.1000 -0.7331 0.0000 -0.6802 -0.0000 -1.0000 0.0000 0.0 0.0 0.0 0.0 0.0 0.0
1.1000 -8.9660 -1.1000 -0.2225 0.0000 -0.9749 -0.0000 -1.0000 0.0000 0.0 0.0 0.0 0.0 0.0 0.0
1.1000 -9.3530 -1.1000 0.3653 -0.0000 -0.9309 -0.0000 -1.0000 0.0000 0.0 0.0 0.0 0.0 0.0 0.0
1.1000 -9.7400 -1.1000 0.8262 -0.0000 -0.5633 -0.0000 -1.0000 0.0000 0.0 0.0 0.0 0.0 0.0 0.0
-1.1000 -2.0000 1.1000 1.0000 -0.0000 0.0000 -0.0000 -1.0000 0.0000 0.0 0.0 0.0 0.0 0.0 0.0
-1.1000 -2.3870 1.1000 0.8262 -0.0000 0.5633 -0.0000 -1.0000 0.0000 0.0 0.0 0.0 0.0 0.0 0.0
-1.1000 -2.7740 1.1000 0.3653 -0.0000 0.9309 -0.0000 -1.0000 0.0000 0.0 0.0 0.0 0.0 0.0 0.0
-1.1000 -3.1610 1.1000 -0.2225 0.0000 0.9749 -0.0000 -1.0000 0.0000 0.0 0.0 0.0 0.0 0.0 0.0
-1.1000 -3.5480 1.1000 -0.7331 0.0000 0.6802 -0.0000 -1.0000 0.0000 0.0 0.0 0.0 0.0 0.0 0.0
-1.1000 -3.9350 1.1000 -0.9888 0.0000 0.1490 -0.0000 -1.0000 0.0000 0.0 0.0 0.0 0.0 0.0 0.0
-1.1000 -4.3220 1.1000 -0.9010 0.0000 -0.4339 -0.0000 -1.0000 0.0000 0.0 0.0 0.0 0.0 0.0 0.0
-1.1000 -4.7090 1.1000 -0.5000 0.0000 -0.8660 -0.0000 -1.0000 0.0000 0.0 0.0 0.0 0.0 0.0 0.0
-1.1000 -5.0960 1.1000 0.0747 -0.0000 -0.9972 -0.0000 -1.0000 0.0000 0.0 0.0 0.0 0.0 0.0 0.0
-1.1000 -5.4830 1.1000 0.6235 -0.0000 -0.7818 -0.0000 -1.0000 0.0000 0.0 0.0 0.0 0.0 0.0 0.0
-1.1000 -5.8700 1.1000 0.9556 -0.0000 -0.2948 -0.0000 -1.0000 0.0000 0.0 0.0 0.0 0.0 0.0 0.0
-1.1000 -6.2570 1.1000 0.9556 -0.0000 0.2948 -0.0000 -1.0000 0.0000 0.0 0.0 0.0 0.0 0.0 0.0
-1.1000 -6.6440 1.1000 0.6235 -0.0000 0.7818 -0.0000 -1.0000 0.0000 0.0 0.0 0.0 0.0 0.0 0.0
-1.1000 -7.0310 1.1000 0.0747 -0.0000 0.9972 -0.0000 -1.0000 0.0000 0.0 0.0 0.0 0.0 0.0 0.0
-1.1000 -7.4180 1.1000 -0.5000 0.0000 0.8660 -0.0000 -1.0000 0.0000 0.0 0.0 0.0 0.0 0.0 0.0
-1.1000 -7.8050 1.1000 -0.9010 0.0000 0.4339 -0.0000 -1.0000 0.0000 0.0 0.0 0.0 0.0 0.0 0.0
-1.1000 -8.1920 1.1000 -0.9888 0.0000 -0.1490 -0.0000 -1.0000 0.0000 0.0 0.0 0.0 0.0 0.0 0.0
-1.1000 -8.5790 1.1000 -0.7331 0.0000 -0.6802 -0.0000 -1.0000 0.0000 0.0 0.0 0.0 0.0 0.0 0.0
-1.1000 -8.9660 1.1000 -0.2225 0.0000 -0.9749 -0.0000 -1.0000 0.0000 0.0 0.0 0.0 0.0 0.0 0.0
-1.1000 -9.3530 1.1000 0.3653 -0.0000 -0.9309 -0.0000 -1.0000 0.0000 0.0 0.0 0.0 0.0 0.0 0.0
-1.1000 -9.7400 1.1000 0.8262 -0.0000 -0.5633 -0.0000 -1.0000 0.0000 0.0 0.0 0.0 0.0 0.0 0.0
1.1000 -2.0000 1.1000 1.0000 -0.0000 0.0000 -0.0000 -1.0000 0.0000 0.0 0.0 0.0 0.0 0.0 0.0
1.1000 -2.3870 1.1000 0.8262 -0.0000 0.5633 -0.0000 -1.0000 0.0000 0.0 0.0 0.0 0.0 0.0 0.0
1.1000 -2.7740 1.1000 0.3653 -0.0000 0.9309 -0.0000 -1.0000 0.0000 0.0 0.0 0.0 0.0 0.0 0.0
1.1000 -3.1610 1.1000 -0.2225 0.0000 0.9749 -0.0000 -1.0000 0.0000 0.0 0.0 0.0 0.0 0.0 0.0
1.1000 -3.5480 1.1000 -0.7331 0.0000 0.6802 -0.0000 -1.0000 0.0000 0.0 0.0 0.0 0.0 0.0 0.0
1.1000 -3.9350 1.1000 -0.9888 0.0000 0.1490 -0.0000 -1.0000 0.0000 0.0 0.0 0.0 0.0 0.0 0.0
1.1000 -4.3220 1.1000 -0.9010 0.0000 -0.4339 -0.0000 -1.0000 0.0000 0.0 0.0 0.0 0.0 0.0 0.0
1.1000 -4.7090 1.1000 -0.5000 0.0000 -0.8660 -0.0000 -1.0000 0.0000 0.0 0.0 0.0 0.0 0.0 0.0
1.1000 -5.0960 1.1000 0.0747 -0.0000 -0.9972 -0.0000 -1.0000 0.0000 0.0 0.0 0.0 0.0 0.0 0.0
1.1000 -5.4830 1.1000 0.6235 -0.0000 -0.7818 -0.0000 -1.0000 0.0000 0.0 0.0 0.0 0.0 0.0 0.0
1.1000 -5.8700 1.1000 0.9556 -0.0000 -0.2948 -0.0000 -1.0000 0.0000 0.0 0.0 0.0 0.0 0.0 0.0
1.1000 -6.2570 1.1000 0.9556 -0.0000 0.2948 -0.0000 -1.0000 0.0000 0.0 0.0 0.0 0.0 0.0 0.0
1.1000 -6.6440 1.1000 0.6235 -0.0000 0.7818 -0.0000 -1.0000 0.0000 0.0 0.0 0.0 0.0 0.0 0.0
1.1000 -7.0310 1.1000 0.0747 -0.0000 0.9972 -0.0000 -1.0000 0.0000 0.0 0.0 0.0 0.0 0.0 0.0
1.1000 -7.4180 1.1000 -0.5000 0.0000 0.8660 -0.0000 -1.0000 0.0000 0.0 0.0 0.0 0.0 0.0 0.0
1.1000 -7.8050 1.1000 -0.9010 0.0000 0.4339 -0.0000 -1.0000 0.0000 0.0 0.0 0.0 0.0 0.0 0.0
1.1000 -8.1920 1.1000 -0.9888 0.0000 -0.1490 -0.0000 -1.0000 0.0000 0.0 0.0 0.0 0.0 0.0 0.0
1.1000 -8.5790 1.1000 -0.7331 0.0000 -0.6802 -0.0000 -1.0000 0.0000 0.0 0.0 0.0 0.0 0.0 0.0
1.1000 -8.9660 1.1000 -0.2225 0.0000 -0.9749 -0.0000 -1.0000 0.0000 0.0 0.0 0.0 0.0 0.0 0.0
1.1000 -9.3530 1.1000 0.3653 -0.0000 -0.9309 -0.0000 -1.0000 0.0000 0.0 0.0 0.0 0.0 0.0 0.0
1.1000 -9.7400 1.1000 0.8262 -0.0000 -0.5633 -0.0000 -1.0000 0.0000 0.0 0.0 0.0 0.0 0.0 0.0
-0.0000 -1.6904 0.0000 0.0000 0.0000 1.0000 -0.0000 -1.0000 0.0000 0.0 0.0 0.0 0.0 0.0 0.0
-0.0000 -1.3808 0.0000 0.0000 0.0000 1.0000 -0.0000 -1.0000 0.0000 0.0 0.0 0.0 0.0 0.0 0.0
-0.0000 -1.0712 0.0000 0.0000 0.0000 1.0000 -0.0000 -1.0000 0.0000 0.0 0.0 0.0 0.0 0.0 0.0
-0.0000 -0.7616 0.0000 0.0000 0.0000 1.0000 -0.0000 -1.0000 0.0000 0.0 0.0 0.0 0.0 0.0 0.0
0.0474 -2.2821 -1.1000 0.8660 0.5000 0.0000 0.5000 -0.8660 0.0000 0.0 0.0 0.0 0.0 0.0 0.0
0.2409 -2.6172 -1.1000 0.7155 0.4131 0.5633 0.5000 -0.8660 0.0000 0.0 0.0 0.0 0.0 0.0 0.0
0.4344 -2.9524 -1.1000 0.3164 0.1827 0.9309 0.5000 -0.8660 0.0000 0.0 0.0 0.0 0.0 0.0 0.0
0.6279 -3.2875 -1.1000 -0.1927 -0.1113 0.9749 0.5000 -0.8660 0.0000 0.0 0.0 0.0 0.0 0.0 0.0
0.8214 -3.6227 -1.1000 -0.6348 -0.3665 0.6802 0.5000 -0.8660 0.0000 0.0 0.0 0.0 0.0 0.0 0.0
1.0149 -3.9578 -1.1000 -0.8564 -0.4944 0.1490 0.5000 -0.8660 0.0000 0.0 0.0 0.0 0.0 0.0 0.0
1.2084 -4.2930 -1.1000 -0.7803 -0.4505 -0.4339 0.5000 -0.8660 0.0000 0.0 0.0 0.0 0.0 0.0 0.0
1.4019 -4.6281 -1.1000 -0.4330 -0.2500 -0.8660 0.5000 -0.8660 0.0000 0.0 0.0 0.0 0.0 0.0 0.0
1.5954 -4.9633 -1.1000 0.0647 0.0374 -0.9972 0.5000 -0.8660 0.0000 0.0 0.0 0.0 0.0 0.0 0.0
1.7889 -5.2984 -1.1000 0.5400 0.3117 -0.7818 0.5000 -0.8660 0.0000 0.0 0.0 0.0 0.0 0.0 0.0
1.9824 -5.6336 -1.1000 0.8276 0.4778 -0.2948 0.5000 -0.8660 0.0000 0.0 0.0 0.0 0.0 0.0 0.0
2.1759 -5.9687 -1.1000 0.8276 0.4778 0.2948 0.5000 -0.8660 0.0000 0.0 0.0 0.0 0.0 0.0 0.0
2.3694 -6.3039 -1.1000 0.5400 0.3117 0.7818 0.5000 -0.8660 0.0000 0.0 0.0 0.0 0.0 0.0 0.0
2.5629 -6.6390 -1.1000 0.0647 0.0374 0.9972 0.5000 -0.8660 0.0000 0.0 0.0 0.0 0.0 0.0 0.0
2.7564 -6.9742 -1.1000 -0.4330 -0.2500 0.8660 0.5000 -0.8660 0.0000 0.0 0.0 0.0 0.0 0.0 0.0
2.9499 -7.3093 -1.1000 -0.7803 -0.4505 0.4339 0.5000 -0.8660 0.0000 0.0 0.0 0.0 0.0 0.0 0.0
3.1434 -7.6445 -1.1000 -0.8564 -0.4944 -0.1490 0.5000 -0.8660 0.0000 0.0 0.0 0.0 0.0 0.0 0.0
3.3369 -7.9796 -1.1000 -0.6348 -0.3665 -0.6802 0.5000 -0.8660 0.0000 0.0 0.0 0.0 0.0 0.0 0.0
3.5304 -8.3148 -1.1000 -0.1927 -0.1113 -0.9749 0.5000 -0.8660 0.0000 0.0 0.0 0.0 0.0 0.0 0.0
3.7239 -8.6499 -1.1000 0.3164 0.1827 -0.9309 0.5000 -0.8660 0.0000 0.0 0.0 0.0 0.0 0.0 0.0
3.9174 -8.9851 -1.1000 0.7155 0.4131 -0.5633 0.5000 -0.8660 0.0000 0.0 0.0 0.0 0.0 0.0 0.0
1.9526 -1.1821 -1.1000 0.8660 0.5000 0.0000 0.5000 -0.8660 0.0000 0.0 0.0 0.0 0.0 0.0 0.0
2.1461 -1.5172 -1.1000 0.7155 0.4131 0.5633 0.5000 -0.8660 0.0000 0.0 0.0 0.0 0.0 0.0 0.0
2.3396 -1.8524 -1.1000 0.3164 0.1827 0.9309 0.5000 -0.8660 0.0000 0.0 0.0 0.0 0.0 0.0 0.0
2.5331 -2.1875 -1.1000 -0.1927 -0.1113 0.9749 0.5000 -0.8660 0.0000 0.0 0.0 0.0 0.0 0.0 0.0
2.7266 -2.5227 -1.1000 -0.6348 -0.3665 0.6802 0.5000 -0.8660 0.0000 0.0 0.0 0.0 0.0 0.0 0.0
2.9201 -2.8578 -1.1000 -0.8564 -0.4944 0.1490 0.5000 -0.8660 0.0000 0.0 0.0 0.0 0.0 0.0 0.0
3.1136 -3.1930 -1.1000 -0.7803 -0.4505 -0.4339 0.5000 -0.8660 0.0000 0.0 0.0 0.0 0.0 0.0 0.0
3.3071 -3.5281 -1.1000 -0.4330 -0.2500 -0.8660 0.5000 -0.8660 0.0000 0.0 0.0 0.0 0.0 0.0 0.0
3.5006 -3.8633 -1.1000 0.0647 0.0374 -0.9972 0.5000 -0.8660 0.0000 0.0 0.0 0.0 0.0 0.0 0.0
3.6941 -4.1984 -1.1000 0.5400 0.3117 -0.7818 0.5000 -0.8660 0.0000 0.0 0.0 0.0 0.0 0.0 0.0
3.8876 -4.5336 -1.1000 0.8276 0.4778 -0.2948 0.5000 -0.8660 0.0000 0.0 0.0 0.0 0.0 0.0 0.0
4.0811 -4.8687 -1.1000 0.8276 0.4778 0.2948 0.5000 -0.8660 0.0000 0.0 0.0 0.0 0.0 0.0 0.0
4.2746 -5.2039 -1.1000 0.5400 0.3117 0.7818 0.5000 -0.8660 0.0000 0.0 0.0 0.0 0.0 0.0 0.0
4.4681 -5.5390 -1.1000 0.0647 0.0374 0.9972 0.5000 -0.8660 0.0000 0.0 0.0 0.0 0.0 0.0 0.0
4.6616 -5.8742 -1.1000 -0.4330 -0.2500 0.8660 0.5000 -0.8660 0.0000 0.0 0.0 0.0 0.0 0.0 0.0
4.8551 -6.2093 -1.1000 -0.7803 -0.4505 0.4339 0.5000 -0.8660 0.0000 0.0 0.0 0.0 0.0 0.0 0.0
5.0486 -6.5445 -1.1000 -0.8564 -0.4944 -0.1490 0.5000 -0.8660 0.0000 0.0 0.0 0.0 0.0 0.0 0.0
5.2421 -6.8796 -1.1000 -0.6348 -0.3665 -0.6802 0.5000 -0.8660 0.0000 0.0 0.0 0.0 0.0 0.0 0.0
5.4356 -7.2148 -1.1000 -0.1927 -0.1113 -0.9749 0.5000 -0.8660 0.0000 0.0 0.0 0.0 0.0 0.0 0.0
5.6291 -7.5499 -1.1000 0.3164 0.1827 -0.9309 0.5000 -0.8660 0.0000 0.0 0.0 0.0 0.0 0.0 0.0
5.8226 -7.8851 -1.1000 0.7155 0.4131 -0.5633 0.5000 -0.8660 0.0000 0.0 0.0 0.0 0.0 0.0 0.0
0.0474 -2.2821 1.1000 0.8660 0.5000 0.0000 0.5000 -0.8660 0.0000 0.0 0.0 0.0 0.0 0.0 0.0
0.2409 -2.6172 1.1000 0.7155 0.4131 0.5633 0.5000 -0.8660 0.0000 0.0 0.0 0.0 0.0 0.0 0.0
0.4344 -2.9524 1.1000 0.3164 0.1827 0.9309 0.5000 -0.8660 0.0000 0.0 0.0 0.0 0.0 0.0 0.0
0.6279 -3.2875 1.1000 -0.1927 -0.1113 0.9749 0.5000 -0.8660 0.0000 0.0 0.0 0.0 0.0 0.0 0.0
0.8214 -3.6227 1.1000 -0.6348 -0.3665 0.6802 0.5000 -0.8660 0.0000 0.0 0.0 0.0 0.0 0.0 0.0
1.0149 -3.9578 1.1000 -0.8564 -0.4944 0.1490 0.5000 -0.8660 0.0000 0.0 0.0 0.0 0.0 0.0 0.0
1.2084 -4.2930 1.1000 -0.7803 -0.4505 -0.4339 0.5000 -0.8660 0.0000 0.0 0.0 0.0 0.0 0.0 0.0
1.4019 -4.6281 1.1000 -0.4330 -0.2500 -0.8660 0.5000 -0.8660 0.0000 0.0 0.0 0.0 0.0 0.0 0.0
1.5954 -4.9633 1.1000 0.0647 0.0374 -0.9972 0.5000 -0.8660 0.0000 0.0 0.0 0.0 0.0 0.0 0.0
1.7889 -5.2984 1.1000 0.5400 0.3117 -0.7818 0.5000 -0.8660 0.0000 0.0 0.0 0.0 0.0 0.0 0.0
1.9824 -5.6336 1.1000 0.8276 0.4778 -0.2948 0.5000 -0.8660 0.0000 0.0 0.0 0.0 0.0 0.0 0.0
2.1759 -5.9687 1.1000 0.8276 0.4778 0.2948 0.5000 -0.8660 0.0000 0.0 0.0 0.0 0.0 0.0 0.0
2.3694 -6.3039 1.1000 0.5400 0.3117 0.7818 0.5000 -0.8660 0.0000 0.0 0.0 0.0 0.0 0.0 0.0
2.5629 -6.6390 1.1000 0.0647 0.0374 0.9972 0.5000 -0.8660 0.0000 0.0 0.0 0.0 0.0 0.0 0.0
2.7564 -6.9742 1.1000 -0.4330 -0.2500 0.8660 0.5000 -0.8660 0.0000 0.0 0.0 0.0 0.0 0.0 0.0
2.9499 -7.3093 1.1000 -0.7803 -0.4505 0.4339 0.5000 -0.8660 0.0000 0.0 0.0 0.0 0.0 0.0 0.0
3.1434 -7.6445 1.1000 -0.8564 -0.4944 -0.1490 0.5000 -0.8660 0.0000 0.0 0.0 0.0 0.0 0.0 0.0
3.3369 -7.9796 1.1000 -0.6348 -0.3665 -0.6802 0.5000 -0.8660 0.0000 0.0 0.0 0.0 0.0 0.0 0.0
3.5304 -8.3148 1.1000 -0.1927 -0.1113 -0.9749 0.5000 -0.8660 0.0000 0.0 0.0 0.0 0.0 0.0 0.0
3.7239 -8.6499 1.1000 0.3164 0.1827 -0.9309 0.5000 -0.8660 0.0000 0.0 0.0 0.0 0.0 0.0 0.0
3.9174 -8.9851 1.1000 0.7155 0.4131 -0.5633 0.5000 -0.8660 0.0000 0.0 0.0 0.0 0.0 0.0 0.0
1.9526 -1.1821 1.1000 0.8660 0.5000 0.0000 0.5000 -0.8660 0.0000 0.0 0.0 0.0 0.0 0.0 0.0
2.1461 -1.5172 1.1000 0.7155 0.4131 0.5633 0.5000 -0.8660 0.0000 0.0 0.0 0.0 0.0 0.0 0.0
2.3396 -1.8524 1.1000 0.3164 0.1827 0.9309 0.5000 -0.8660 0.0000 0.0 0.0 0.0 0.0 0.0 0.0
2.5331 -2.1875 1.1000 -0.1927 -0.1113 0.9749 0.5000 -0.8660 0.0000 0.0 0.0 0.0 0.0 0.0 0.0
2.7266 -2.5227 1.1000 -0.6348 -0.3665 0.6802 0.5000 -0.8660 0.0000 0.0 0.0 0.0 0.0 0.0 0.0
2.9201 -2.8578 1.1000 -0.8564 -0.4944 0.1490 0.5000 -0.8660 0.0000 0.0 0.0 0.0 0.0 0.0 0.0
3.1136 -3.1930 1.1000 -0.7803 -0.4505 -0.4339 0.5000 -0.8660 0.0000 0.0 0.0 0.0 0.0 0.0 0.0
3.3071 -3.5281 1.1000 -0.4330 -0.2500 -0.8660 0.5000 -0.8660 0.0000 0.0 0.0 0.0 0.0 0.0 0.0
3.5006 -3.8633 1.1000 0.0647 0.0374 -0.9972 0.5000 -0.8660 0.0000 0.0 0.0 0.0 0.0 0.0 0.0
3.6941 -4.1984 1.1000 0.5400 0.3117 -0.7818 0.5000 -0.8660 0.0000 0.0 0.0 0.0 0.0 0.0 0.0
3.8876 -4.5336 1.1000 0.8276 0.4778 -0.2948 0.5000 -0.8660 0.0000 0.0 0.0 0.0 0.0 0.0 0.0
4.0811 -4.8687 1.1000 0.8276 0.4778 0.2948 0.5000 -0.8660 0.0000 0.0 0.0 0.0 0.0 0.0 0.0
4.2746 -5.2039 1.1000 0.5400 0.3117 0.7818 0.5000 -0.8660 0.0000 0.0 0.0 0.0 0.0 0.0 0.0
4.4681 -5.5390 1.1000 0.0647 0.0374 0.9972 0.5000 -0.8660 0.0000 0.0 0.0 0.0 0.0 0.0 0.0
4.6616 -5.8742 1.1000 -0.4330 -0.2500 0.8660 0.5000 -0.8660 0.0000 0.0 0.0 0.0 0.0 0.0 0.0
4.8551 -6.2093 1.1000 -0.7803 -0.4505 0.4339 0.5000 -0.8660 0.0000 0.0 0.0 0.0 0.0 0.0 0.0
5.0486 -6.5445 1.1000 -0.8564 -0.4944 -0.1490 0.5000 -0.8660 0.0000 0.0 0.0 0.0 0.0 0.0 0.0
5.2421 -6.8796 1.1000 -0.6348 -0.3665 -0.6802 0.5000 -0.8660 0.0000 0.0 0.0 0.0 0.0 0.0 0.0
5.4356 -7.2148 1.1000 -0.1927 -0.1113 -0.9749 0.5000 -0.8660 0.0000 0.0 0.0 0.0 0.0 0.0 0.0
5.6291 -7.5499 1.1000 0.3164 0.1827 -0.9309 0.5000 -0.8660 0.0000 0.0 0.0 0.0 0.0 0.0 0.0
5.8226 -7.8851 1.1000 0.7155 0.4131 -0.5633 0.5000 -0.8660 0.0000 0.0 0.0 0.0 0.0 0.0 0.0
0.8452 -1.4639 0.0000 0.0000 0.0000 1.0000 0.5000 -0.8660 0.0000 0.0 0.0 0.0 0.0 0.0 0.0
0.6904 -1.1958 0.0000 0.0000 0.0000 1.0000 0.5000 -0.8660 0.0000 0.0 0.0 0.0 0.0 0.0 0.0
0.5356 -0.9277 0.0000 0.0000 0.0000 1.0000 0.5000 -0.8660 0.0000 0.0 0.0 0.0 0.0 0.0 0.0
0.3808 -0.6596 0.0000 0.0000 0.0000 1.0000 0.5000 -0.8660 0.0000 0.0 0.0 0.0 0.0 0.0 0.0
1.1821 -1.9526 -1.1000 0.5000 0.8660 0.0000 0.8660 -0.5000 0.0000 0.0 0.0 0.0 0.0 0.0 0.0
1.5172 -2.1461 -1.1000 0.4131 0.7155 0.5633 0.8660 -0.5000 0.0000 0.0 0.0 0.0 0.0 0.0 0.0
1.8524 -2.3396 -1.1000 0.1827 0.3164 0.9309 0.8660 -0.5000 0.0000 0.0 0.0 0.0 0.0 0.0 0.0
2.1875 -2.5331 -1.1000 -0.1113 -0.1927 0.9749 0.8660 -0.5000 0.0000 0.0 0.0 0.0 0.0 0.0 0.0
2.5227 -2.7266 -1.1000 -0.3665 -0.6348 0.6802 0.8660 -0.5000 0.0000 0.0 0.0 0.0 0.0 0.0 0.0
2.8578 -2.9201 -1.1000 -0.4944 -0.8564 0.1490 0.8660 -0.5000 0.0000 0.0 0.0 0.0 0.0 0.0 0.0
3.1930 -3.1136 -1.1000 -0.4505 -0.7803 -0.4339 0.8660 -0.5000 0.0000 0.0 0.0 0.0 0.0 0.0 0.0
3.5281 -3.3071 -1.1000 -0.2500 -0.4330 -0.8660 0.8660 -0.5000 0.0000 0.0 0.0 0.0 0.0 0.0 0.0
3.8633 -3.5006 -1.1000 0.0374 0.0647 -0.9972 0.8660 -0.5000 0.0000 0.0 0.0 0.0 0.0 0.0 0.0
4.1984 -3.6941 -1.1000 0.3117 0.5400 -0.7818 0.8660 -0.5000 0.0000 0.0 0.0 0.0 0.0 0.0 0.0
4.5336 -3.8876 -1.1000 0.4778 0.8276 -0.2948 0.8660 -0.5000 0.0000 0.0 0.0 0.0 0.0 0.0 0.0
4.8687 -4.0811 -1.1000 0.4778 0.8276 0.2948 0.8660 -0.5000 0.0000 0.0 0.0 0.0 0.0 0.0 0.0
5.2039 -4.2746 -1.1000 0.3117 0.5400 0.7818 0.8660 -0.5000 0.0000 0.0 0.0 0.0 0.0 0.0 0.0
5.5390 -4.4681 -1.1000 0.0374 0.0647 0.9972 0.8660 -0.5000 0.0000 0.0 0.0 0.0 0.0 0.0 0.0
5.8742 -4.6616 -1.1000 -0.2500 -0.4330 0.8660 0.8660 -0.5000 0.0000 0.0 0.0 0.0 0.0 0.0 0.0
6.2093 -4.8551 -1.1000 -0.4505 -0.7803 0.4339 0.8660 -0.5000 0.0000 0.0 0.0 0.0 0.0 0.0 0.0
6.5445 -5.0486 -1.1000 -0.4944 -0.8564 -0.1490 0.8660 -0.5000 0.0000 0.0 0.0 0.0 0.0 0.0 0.0
6.8796 -5.2421 -1.1000 -0.3665 -0.6348 -0.6802 0.8660 -0.5000 0.0000 0.0 0.0 0.0 0.0 0.0 0.0
7.2148 -5.4356 -1.1000 -0.1113 -0.1927 -0.9749 0.8660 -0.5000 0.0000 0.0 0.0 0.0 0.0 0.0 0.0
7.5499 -5.6291 -1.1000 0.1827 0.3164 -0.9309 0.8660 -0.5000 0.0000 0.0 0.0 0.0 0.0 0.0 0.0
7.8851 -5.8226 -1.1000 0.4131 0.7155 -0.5633 0.8660 -0.5000 0.0000 0.0 0.0 0.0 0.0 0.0 0.0
2.2821 -0.0474 -1.1000 0.5000 0.8660 0.0000 0.8660 -0.5000 0.0000 0.0 0.0 0.0 0.0 0.0 0.0
2.6172 -0.2409 -1.1000 0.4131 0.7155 0.5633 0.8660 -0.5000 0.0000 0.0 0.0 0.0 0.0 0.0 0.0
2.9524 -0.4344 -1.1000 0.1827 0.3164 0.9309 0.8660 -0.5000 0.0000 0.0 0.0 0.0 0.0 0.0 0.0
3.2875 -0.6279 -1.1000 -0.1113 -0.1927 0.9749 0.8660 -0.5000 0.0000 0.0 0.0 0.0 0.0 0.0 0.0
3.6227 -0.8214 -1.1000 -0.3665 -0.6348 0.6802 0.8660 -0.5000 0.0000 0.0 0.0 0.0 0.0 0.0 0.0
3.9578 -1.0149 -1.1000 -0.4944 -0.8564 0.1490 0.8660 -0.5000 0.0000 0.0 0.0 0.0 0.0 0.0 0.0
4.2930 -1.2084 -1.1000 -0.4505 -0.7803 -0.4339 0.8660 -0.5000 0.0000 0.0 0.0 0.0 0.0 0.0 0.0
4.6281 -1.4019 -1.1000 -0.2500 -0.4330 -0.8660 0.8660 -0.5000 0.0000 0.0 0.0 0.0 0.0 0.0 0.0
4.9633 -1.5954 -1.1000 0.0374 0.0647 -0.9972 0.8660 -0.5000 0.0000 0.0 0.0 0.0 0.0 0.0 0.0
5.2984 -1.7889 -1.1000 0.3117 0.5400 -0.7818 0.8660 -0.5000 0.0000 0.0 0.0 0.0 0.0 0.0 0.0
5.6336 -1.9824 -1.1000 0.4778 0.8276 -0.2948 0.8660 -0.5000 0.0000 0.0 0.0 0.0 0.0 0.0 0.0
5.9687 -2.1759 -1.1000 0.4778 0.8276 0.2948 0.8660 -0.5000 0.0000 0.0 0.0 0.0 0.0 0.0 0.0
6.3039 -2.3694 -1.1000 0.3117 0.5400 0.7818 0.8660 -0.5000 0.0000 0.0 0.0 0.0 0.0 0.0 0.0
6.6390 -2.5629 -1.1000 0.0374 0.0647 0.9972 0.8660 -0.5000 0.0000 0.0 0.0 0.0 0.0 0.0 0.0
6.9742 -2.7564 -1.1000 -0.2500 -0.4330 0.8660 0.8660 -0.5000 0.0000 0.0 0.0 0.0 0.0 0.0 0.0
7.3093 -2.9499 -1.1000 -0.4505 -0.7803 0.4339 0.8660 -0.5000 0.0000 0.0 0.0 0.0 0.0 0.0 0.0
7.6445 -3.1434 -1.1000 -0.4944 -0.8564 -0.1490 0.8660 -0.5000 0.0000 0.0 0.0 0.0 0.0 0.0 0.0
7.9796 -3.3369 -1.1000 -0.3665 -0.6348 -0.6802 0.8660 -0.5000 0.0000 0.0 0.0 0.0 0.0 0.0 0.0
8.3148 -3.5304 -1.1000 -0.1113 -0.1927 -0.9749 0.8660 -0.5000 0.0000 0.0 0.0 0.0 0.0 0.0 0.0
8.6499 -3.7239 -1.1000 0.1827 0.3164 -0.9309 0.8660 -0.5000 0.0000 0.0 0.0 0.0 0.0 0.0 0.0
8.9851 -3.9174 -1.1000 0.4131 0.7155 -0.5633 0.8660 -0.5000 0.0000 0.0 0.0 0.0 0.0 0.0 0.0
1.1821 -1.9526 1.1000 0.5000 0.8660 0.0000 0.8660 -0.5000 0.0000 0.0 0.0 0.0 0.0 0.0 0.0
1.5172 -2.1461 1.1000 0.4131 0.7155 0.5633 0.8660 -0.5000 0.0000 0.0 0.0 0.0 0.0 0.0 0.0
1.8524 -2.3396 1.1000 0.1827 0.3164 0.9309 0.8660 -0.5000 0.0000 0.0 0.0 0.0 0.0 0.0 0.0
2.1875 -2.5331 1.1000 -0.1113 -0.1927 0.9749 0.8660 -0.5000 0.0000 0.0 0.0 0.0 0.0 0.0 0.0
2.5227 -2.7266 1.1000 -0.3665 -0.6348 0.6802 0.8660 -0.5000 0.0000 0.0 0.0 0.0 0.0 0.0 0.0
2.8578 -2.9201 1.1000 -0.4944 -0.8564 0.1490 0.8660 -0.5000 0.0000 0.0 0.0 0.0 0.0 0.0 0.0
3.1930 -3.1136 1.1000 -0.4505 -0.7803 -0.4339 0.8660 -0.5000 0.0000 0.0 0.0 0.0 0.0 0.0 0.0
3.5281 -3.3071 1.1000 -0.2500 -0.4330 -0.8660 0.8660 -0.5000 0.0000 0.0 0.0 0.0 0.0 0.0 0.0
3.8633 -3.5006 1.1000 0.0374 0.0647 -0.9972 0.8660 -0.5000 0.0000 0.0 0.0 0.0 0.0 0.0 0.0
4.1984 -3.6941 1.1000 0.3117 0.5400 -0.7818 0.8660 -0.5000 0.0000 0.0 0.0 0.0 0.0 0.0 0.0
4.5336 -3.8876 1.1000 0.4778 0.8276 -0.2948 0.8660 -0.5000 0.0000 0.0 0.0 0.0 0.0 0.0 0.0
4.8687 -4.0811 1.1000 0.4778 0.8276 0.2948 0.8660 -0.5000 0.0000 0.0 0.0 0.0 0.0 0.0 0.0
5.2039 -4.2746 1.1000 0.3117 0.5400 0.7818 0.8660 -0.5000 0.0000 0.0 0.0 0.0 0.0 0.0 0.0
5.5390 -4.4681 1.1000 0.0374 0.0647 0.9972 0.8660 -0.5000 0.0000 0.0 0.0 0.0 0.0 0.0 0.0
5.8742 -4.6616 1.1000 -0.2500 -0.4330 0.8660 0.8660 -0.5000 0.0000 0.0 0.0 0.0 0.0 0.0 0.0
6.2093 -4.8551 1.1000 -0.4505 -0.7803 0.4339 0.8660 -0.5000 0.0000 0.0 0.0 0.0 0.0 0.0 0.0
6.5445 -5.0486 1.1000 -0.4944 -0.8564 -0.1490 0.8660 -0.5000 0.0000 0.0 0.0 0.0 0.0 0.0 0.0
6.8796 -5.2421 1.1000 -0.3665 -0.6348 -0.6802 0.8660 -0.5000 0.0000 0.0 0.0 0.0 0.0 0.0 0.0
7.2148 -5.4356 1.1000 -0.1113 -0.1927 -0.9749 0.8660 -0.5000 0.0000 0.0 0.0 0.0 0.0 0.0 0.0
7.5499 -5.6291 1.1000 0.1827 0.3164 -0.9309 0.8660 -0.5000 0.0000 0.0 0.0 0.0 0.0 0.0 0.0
7.8851 -5.8226 1.1000 0.4131 0.7155 -0.5633 0.8660 -0.5000 0.0000 0.0 0.0 0.0 0.0 0.0 0.0
2.2821 -0.0474 1.1000 0.5000 0.8660 0.0000 0.8660 -0.5000 0.0000 0.0 0.0 0.0 0.0 0.0 0.0
2.6172 -0.2409 1.1000 0.4131 0.7155 0.5633 0.8660 -0.5000 0.0000 0.0 0.0 0.0 0.0 0.0 0.0
2.9524 -0.4344 1.1000 0.1827 0.3164 0.9309 0.8660 -0.5000 0.0000 0.0 0.0 0.0 0.0 0.0 0.0
3.2875 -0.6279 1.1000 -0.1113 -0.1927 0.9749 0.8660 -0.5000 0.0000 0.0 0.0 0.0 0.0 0.0 0.0
3.6227 -0.8214 1.1000 -0.3665 -0.6348 0.6802 0.8660 -0.5000 0.0000 0.0 0.0 0.0 0.0 0.0 0.0
3.9578 -1.0149 1.1000 -0.4944 -0.8564 0.1490 0.8660 -0.5000 0.0000 0.0 0.0 0.0 0.0 0.0 0.0
4.2930 -1.2084 1.1000 -0.4505 -0.7803 -0.4339 0.8660 -0.5000 0.0000 0.0 0.0 0.0 0.0 0.0 0.0
4.6281 -1.4019 1.1000 -0.2500 -0.4330 -0.8660 0.8660 -0.5000 0.0000 0.0 0.0 0.0 0.0 0.0 0.0
4.9633 -1.5954 1.1000 0.0374 0.0647 -0.9972 0.8660 -0.5000 0.0000 0.0 0.0 0.0 0.0 0.0 0.0
5.2984 -1.7889 1.1000 0.3117 0.5400 -0.7818 0.8660 -0.5000 0.0000 0.0 0.0 0.0 0.0 0.0 0.0
5.6336 -1.9824 1.1000 0.4778 0.8276 -0.2948 0.8660 -0.5000 0.0000 0.0 0.0 0.0 0.0 0.0 0.0
5.9687 -2.1759 1.1000 0.4778 0.8276 0.2948 0.8660 -0.5000 0.0000 0.0 0.0 0.0 0.0 0.0 0.0
6.3039 -2.3694 1.1000 0.3117 0.5400 0.7818 0.8660 -0.5000 0.0000 0.0 0.0 0.0 0.0 0.0 0.0
6.6390 -2.5629 1.1000 0.0374 0.0647 0.9972 0.8660 -0.5000 0.0000 0.0 0.0 0.0 0.0 0.0 0.0
6.9742 -2.7564 1.1000 -0.2500 -0.4330 0.8660 0.8660 -0.5000 0.0000 0.0 0.0 0.0 0.0 0.0 0.0
7.3093 -2.9499 1.1000 -0.4505 -0.7803 0.4339 0.8660 -0.5000 0.0000 0.0 0.0 0.0 0.0 0.0 0.0
7.6445 -3.1434 1.1000 -0.4944 -0.8564 -0.1490 0.8660 -0.5000 0.0000 0.0 0.0 0.0 0.0 0.0 0.0
7.9796 -3.3369 1.1000 -0.3665 -0.6348 -0.6802 0.8660 -0.5000 0.0000 0.0 0.0 0.0 0.0 0.0 0.0
8.3148 -3.5304 1.1000 -0.1113 -0.1927 -0.9749 0.8660 -0.5000 0.0000 0.0 0.0 0.0 0.0 0.0 0.0
8.6499 -3.7239 1.1000 0.1827 0.3164 -0.9309 0.8660 -0.5000 0.0000 0.0 0.0 0.0 0.0 0.0 0.0
8.9851 -3.9174 1.1000 0.4131 0.7155 -0.5633 0.8660 -0.5000 0.0000 0.0 0.0 0.0 0.0 0.0 0.0
1.4639 -0.8452 0.0000 0.0000 0.0000 1.0000 0.8660 -0.5000 0.0000 0.0 0.0 0.0 0.0 0.0 0.0
1.1958 -0.6904 0.0000 0.0000 0.0000 1.0000 0.8660 -0.5000 0.0000 0.0 0.0 0.0 0.0 0.0 0.0
0.9277 -0.5356 0.0000 0.0000 0.0000 1.0000 0.8660 -0.5000 0.0000 0.0 0.0 0.0 0.0 0.0 0.0
0.6596 -0.3808 0.0000 0.0000 0.0000 1.0000 0.8660 -0.5000 0.0000 0.0 0.0 0.0 0.0 0.0 0.0
